1.000000000000000000e+00
9.996647341323976477e-01
9.993294682647952953e-01
9.989942023971929430e-01
9.986589365295905907e-01
9.983236706619882384e-01
9.979884047943858860e-01
9.976531389267835337e-01
9.972429469085657416e-01
9.967944593022557420e-01
9.963459716959457424e-01
9.958974840896357428e-01
9.954489964833256321e-01
9.950005088770156325e-01
9.945520212707056329e-01
9.940600405668622574e-01
9.934771197499948636e-01
9.928941989331273588e-01
9.923112781162599649e-01
9.917283572993924601e-01
9.911454364825250662e-01
9.905625156656575614e-01
9.899795948487900565e-01
9.892438020407925414e-01
9.885057275612855188e-01
9.877676530817784961e-01
9.870295786022714735e-01
9.862915041227644508e-01
9.855534296432574282e-01
9.848153551637504055e-01
9.839644186808156334e-01
9.830519211051019779e-01
9.821394235293884334e-01
9.812269259536747779e-01
9.803144283779612334e-01
9.794019308022475778e-01
9.784894332265339223e-01
9.775178431816654578e-01
9.764139985629741725e-01
9.753101539442827761e-01
9.742063093255914907e-01
9.731024647069002054e-01
9.719986200882088090e-01
9.708947754695175236e-01
9.697909308508262383e-01
9.684879585259610346e-01
9.671789520281816044e-01
9.658699455304020631e-01
9.645609390326226329e-01
9.632519325348430916e-01
9.619429260370636614e-01
9.606339195392841201e-01
9.591887786655399761e-01
9.576644898987930477e-01
9.561402011320461192e-01
9.546159123652993017e-01
9.530916235985523732e-01
9.515673348318054448e-01
9.500430460650586273e-01
9.484536608388935974e-01
9.467080441101252131e-01
9.449624273813568287e-01
9.432168106525884443e-01
9.414711939238200600e-01
9.397255771950516756e-01
9.379799604662834023e-01
9.362343437375149069e-01
9.342754407170507092e-01
9.323066937138928534e-01
9.303379467107349976e-01
9.283691997075771418e-01
9.264004527044192860e-01
9.244317057012614303e-01
9.224629586981035745e-01
9.203578840216294354e-01
9.181684160235786818e-01
9.159789480255278171e-01
9.137894800274769525e-01
9.116000120294260878e-01
9.094105440313753341e-01
9.072210760333244695e-01
9.049717278776570062e-01
9.025679519470837242e-01
9.001641760165103312e-01
8.977604000859369382e-01
8.953566241553635452e-01
8.929528482247901522e-01
8.905490722942168702e-01
8.881452963636434772e-01
8.855492927834514028e-01
8.829412749751580636e-01
8.803332571668647244e-01
8.777252393585714962e-01
8.751172215502781571e-01
8.725092037419849289e-01
8.699011859336915897e-01
8.671780186911239863e-01
8.643790213333024663e-01
8.615800239754809464e-01
8.587810266176595375e-01
8.559820292598380176e-01
8.531830319020164977e-01
8.503840345441949777e-01
8.475387013765994793e-01
8.445646576262982874e-01
8.415906138759970956e-01
8.386165701256959037e-01
8.356425263753946009e-01
8.326684826250934091e-01
8.296944388747922172e-01
8.267203951244910254e-01
8.236008935243889217e-01
8.204698476504931337e-01
8.173388017765973457e-01
8.142077559027015576e-01
8.110767100288057696e-01
8.079456641549099816e-01
8.048146182810141935e-01
8.016027424537507384e-01
7.983342856591298942e-01
7.950658288645091609e-01
7.917973720698883167e-01
7.885289152752675834e-01
7.852604584806467392e-01
7.819920016860260059e-01
7.786943405830514253e-01
7.753090665550160798e-01
7.719237925269807343e-01
7.685385184989453888e-01
7.651532444709100433e-01
7.617679704428745868e-01
7.583826964148392413e-01
7.549974223868037848e-01
7.515248674343473212e-01
7.480438659408177315e-01
7.445628644472882529e-01
7.410818629537586633e-01
7.376008614602291846e-01
7.341198599666995950e-01
7.306388584731700053e-01
7.271150732625674129e-01
7.235594745187567955e-01
7.200038757749461782e-01
7.164482770311354498e-01
7.128926782873248325e-01
7.093370795435141041e-01
7.057814807997033757e-01
7.022132176551256766e-01
6.986037952080550451e-01
6.949943727609843025e-01
6.913849503139136710e-01
6.877755278668430394e-01
6.841661054197722969e-01
6.805566829727015543e-01
6.769472605256309228e-01
6.733075696435975033e-01
6.696644053346012537e-01
6.660212410256048932e-01
6.623780767166085326e-01
6.587349124076121720e-01
6.550917480986158115e-01
6.514485837896195619e-01
6.477972469832986580e-01
6.441394582054057460e-01
6.404816694275128341e-01
6.368238806496200333e-01
6.331660918717270103e-01
6.295083030938340984e-01
6.258505143159411865e-01
6.221934569459320885e-01
6.185389838837788146e-01
6.148845108216255406e-01
6.112300377594722667e-01
6.075755646973189927e-01
6.039210916351657188e-01
6.002666185730124448e-01
5.966121455108591709e-01
5.929752505130234663e-01
5.893406992570968672e-01
5.857061480011700461e-01
5.820715967452433359e-01
5.784370454893167368e-01
5.748024942333900267e-01
5.711679429774633165e-01
5.675524834572150956e-01
5.639530197155081526e-01
5.603535559738012095e-01
5.567540922320943775e-01
5.531546284903875454e-01
5.495551647486806024e-01
5.459557010069737704e-01
5.423662742804040704e-01
5.388155617550777210e-01
5.352648492297512606e-01
5.317141367044249112e-01
5.281634241790985618e-01
5.246127116537722124e-01
5.210619991284459740e-01
5.175112866031196246e-01
5.140134049074392975e-01
5.105235821518745443e-01
5.070337593963097911e-01
5.035439366407450379e-01
5.000541138851802847e-01
4.965642911296155870e-01
4.930744683740508338e-01
4.896225051132380157e-01
4.862041947366492756e-01
4.827858843600604799e-01
4.793675739834717398e-01
4.759492636068829996e-01
4.725309532302942039e-01
4.691126428537054638e-01
4.657097517644374629e-01
4.623720961215270764e-01
4.590344404786166899e-01
4.556967848357063033e-01
4.523591291927959168e-01
4.490214735498855303e-01
4.456838179069750883e-01
4.423461622640647017e-01
4.390838840728613079e-01
4.358346019940212424e-01
4.325853199151811768e-01
4.293360378363411112e-01
4.260867557575010456e-01
4.228374736786608690e-01
4.195881915998208034e-01
4.163876736340183515e-01
4.132331332605085339e-01
4.100785928869986607e-01
4.069240525134888431e-01
4.037695121399790255e-01
4.006149717664691523e-01
3.974604313929593347e-01
3.943235104990352458e-01
3.912688138431779650e-01
3.882141171873208507e-01
3.851594205314637365e-01
3.821047238756065667e-01
3.790500272197494525e-01
3.759953305638923382e-01
3.729406339080352240e-01
3.699729226681684469e-01
3.670219980875278898e-01
3.640710735068873327e-01
3.611201489262467756e-01
3.581692243456062186e-01
3.552182997649656615e-01
3.522673751843251044e-01
3.493697625602256163e-01
3.465254618926674191e-01
3.436811612251092773e-01
3.408368605575511356e-01
3.379925598899929384e-01
3.351482592224347967e-01
3.323039585548765995e-01
3.294772090835619838e-01
3.267414067200545280e-01
3.240056043565471278e-01
3.212698019930397275e-01
3.185339996295323273e-01
3.157981972660249270e-01
3.130623949025173602e-01
3.103265925390099600e-01
3.076809617266474395e-01
3.050546533895302503e-01
3.024283450524130612e-01
2.998020367152958721e-01
2.971757283781786829e-01
2.945494200410614938e-01
2.919231117039443046e-01
2.893500439055466389e-01
2.868334433451849019e-01
2.843168427848231095e-01
2.818002422244613170e-01
2.792836416640995245e-01
2.767670411037376210e-01
2.742504405433758841e-01
2.717499036270573654e-01
2.693425358461900010e-01
2.669351680653226921e-01
2.645278002844553278e-01
2.621204325035879634e-01
2.597130647227205991e-01
2.573056969418532347e-01
2.548983291609858703e-01
2.525784419075318143e-01
2.502792318696481777e-01
2.479800218317645133e-01
2.456808117938807379e-01
2.433816017559971012e-01
2.410823917181134368e-01
2.387831816802297724e-01
2.365341204023083954e-01
2.343414764793446126e-01
2.321488325563808020e-01
2.299561886334169913e-01
2.277635447104531807e-01
2.255709007874893979e-01
2.233782568645255873e-01
2.211994485344973560e-01
2.191113402026024226e-01
2.170232318707074615e-01
2.149351235388123893e-01
2.128470152069174559e-01
2.107589068750224948e-01
2.086707985431275336e-01
2.065826902112326002e-01
2.045756913368353136e-01
2.025897208403078242e-01
2.006037503437803071e-01
1.986177798472528178e-01
1.966318093507253006e-01
1.946458388541977835e-01
1.926598683576702942e-01
1.907192300606697921e-01
1.888326979372982328e-01
1.869461658139267846e-01
1.850596336905553085e-01
1.831731015671838603e-01
1.812865694438123843e-01
1.794000373204409360e-01
1.775248577410008799e-01
1.757348222410464456e-01
1.739447867410920390e-01
1.721547512411376324e-01
1.703647157411831981e-01
1.685746802412287915e-01
1.667846447412743571e-01
1.649946092413199505e-01
1.632773443313781103e-01
1.615806748714399554e-01
1.598840054115018006e-01
1.581873359515636457e-01
1.564906664916254908e-01
1.547939970316873359e-01
1.530973275717491811e-01
1.514404056129630971e-01
1.498338304889696437e-01
1.482272553649761626e-01
1.466206802409827092e-01
1.450141051169892559e-01
1.434075299929958025e-01
1.418009548690022659e-01
1.402033071917496987e-01
1.386834558360963143e-01
1.371636044804429300e-01
1.356437531247895456e-01
1.341239017691361612e-01
1.326040504134827769e-01
1.310841990578293925e-01
1.295643477021760082e-01
1.281081898201938962e-01
1.266716299301106352e-01
1.252350700400274019e-01
1.237985101499441409e-01
1.223619502598608938e-01
1.209253903697775634e-01
1.194888304796943163e-01
1.180863156432038902e-01
1.167295855339589711e-01
1.153728554247140520e-01
1.140161253154691468e-01
1.126593952062242276e-01
1.113026650969793085e-01
1.099459349877343894e-01
1.085959431131618552e-01
1.073155796635373721e-01
1.060352162139128751e-01
1.047548527642883781e-01
1.034744893146638256e-01
1.021941258650393286e-01
1.009137624154148316e-01
9.963339896579033461e-02
9.840773002422603666e-02
9.720029258534845784e-02
9.599285514647089290e-02
9.478541770759332796e-02
9.357798026871574915e-02
9.237054282983818421e-02
9.116310539096061927e-02
8.998429715866575196e-02
8.884638779291761934e-02
8.770847842716948672e-02
8.657056906142129860e-02
8.543265969567315210e-02
8.429475032992503336e-02
8.315684096417688687e-02
8.202379849342884832e-02
8.095207889968199233e-02
7.988035930593513634e-02
7.880863971218828035e-02
7.773692011844142435e-02
7.666520052469456836e-02
7.559348093094771237e-02
7.452176133720085638e-02
7.349631017001995170e-02
7.248751563640273843e-02
7.147872110278556679e-02
7.046992656916840903e-02
6.946113203555125126e-02
6.845233750193409350e-02
6.744354296831692186e-02
6.645847080971764576e-02
6.550942151688628201e-02
6.456037222405491827e-02
6.361132293122354064e-02
6.266227363839217690e-02
6.171322434556080622e-02
6.076417505272943553e-02
5.981845865815402924e-02
5.892606863567483033e-02
5.803367861319562448e-02
5.714128859071642558e-02
5.624889856823721973e-02
5.535650854575802082e-02
5.446411852327881498e-02
5.357172850079961607e-02
5.271801535960934232e-02
5.187929937646987982e-02
5.104058339333041733e-02
5.020186741019096177e-02
4.936315142705149928e-02
4.852443544391203678e-02
4.768571946077253959e-02
4.686642495430544397e-02
4.607850360246294741e-02
4.529058225062044390e-02
4.450266089877794734e-02
4.371473954693544384e-02
4.292681819509294727e-02
4.213889684325044377e-02
4.135309422198082951e-02
4.061319742979047770e-02
3.987330063760013282e-02
3.913340384540978101e-02
3.839350705321942919e-02
3.765361026102904268e-02
3.691371346883869087e-02
3.617381667664833905e-02
3.546594293125256842e-02
3.477141212202120024e-02
3.407688131278983901e-02
3.338235050355847777e-02
3.268781969432711654e-02
3.199328888509574836e-02
3.129875807586438713e-02
3.061996987668157491e-02
2.996825896678228032e-02
2.931654805688298573e-02
2.866483714698369115e-02
2.801312623708436186e-02
2.736141532718506728e-02
2.670970441728577269e-02
2.605918134035964395e-02
2.544785675154809246e-02
2.483653216273654096e-02
2.422520757392499294e-02
2.361388298511344144e-02
2.300255839630188995e-02
2.239123380749033845e-02
2.177990921867879043e-02
2.119489386877367737e-02
2.062163371072038912e-02
2.004837355266709739e-02
1.947511339461380567e-02
1.890185323656051394e-02
1.832859307850722569e-02
1.775533292045393396e-02
1.719472666348522902e-02
1.665731922517161429e-02
1.611991178685794404e-02
1.558250434854432931e-02
1.504509691023071458e-02
1.450768947191709811e-02
1.397028203360348338e-02
1.343337090574397985e-02
1.292971257830997228e-02
1.242605425087596471e-02
1.192239592344195714e-02
1.141873759600794958e-02
1.091507926857394201e-02
1.041142094113993444e-02
9.907762613705928603e-03
9.425582948781369499e-03
8.953675687665682559e-03
8.481768426549995618e-03
8.009861165434308677e-03
7.537953904318622604e-03
7.066046643202936531e-03
6.594139382087249590e-03
6.132330366311996434e-03
5.690278787072383833e-03
5.248227207832771232e-03
4.806175628593158632e-03
4.364124049353546031e-03
3.922072470113933430e-03
3.480020890874320830e-03
3.037969311634663126e-03
