3.806680218827376905e+01
3.825964455574548850e+01
3.799493317358098921e+01
3.743450591806597316e+01
3.917763414644663555e+01
3.923534911035458350e+01
3.886258802717827621e+01
3.904561382262065194e+01
3.857303003244878425e+01
3.912419838990484067e+01
3.921566093198880054e+01
3.825219512523334942e+01
3.863774173016508229e+01
3.912155140258545316e+01
3.851850054600699735e+01
3.755738729857618097e+01
3.868482636933714502e+01
3.800377902006695052e+01
3.831189994920119801e+01
3.856775847259228840e+01
3.797491577617568481e+01
3.747257035131188729e+01
3.904495995548437293e+01
3.863640998322490816e+01
3.869490514695059602e+01
3.764723634081224191e+01
3.692522127776783236e+01
3.809142013912850189e+01
3.822494020584510110e+01
3.884754582052138261e+01
3.887091075498425852e+01
3.917290969154487357e+01
3.891453282844366868e+01
3.881824220213086818e+01
3.829227343119596583e+01
3.859421534299354306e+01
3.807090315234155042e+01
3.870805045136131639e+01
3.900090286855322574e+01
3.813487886907890356e+01
3.866054561805797363e+01
3.849461541410862253e+01
3.869940208915359392e+01
3.754918315278802510e+01
3.860601314463229983e+01
3.858223335886010119e+01
3.823601932548591265e+01
3.749518399696643201e+01
3.833995907715836893e+01
3.802407345854771847e+01
3.862537857989022427e+01
3.880304937839779456e+01
3.824110672093885199e+01
3.816566432689327115e+01
3.788023529449743876e+01
3.806280077098520565e+01
3.792259138604924829e+01
3.793696499223957375e+01
3.894953015131820706e+01
3.848910315923880887e+01
3.922274087514042407e+01
3.892927191154477384e+01
3.903151689305841643e+01
3.926569566178461201e+01
3.803450830992028386e+01
3.853358817954762827e+01
3.926863113340675682e+01
3.861686333937741011e+01
3.805887659378736032e+01
3.901039460388548719e+01
3.786543245099135646e+01
3.820854948479771451e+01
3.878105797703387481e+01
3.778039256276079527e+01
3.856299722232178340e+01
3.891402998996660756e+01
3.795080184194490869e+01
3.864322323045043106e+01
3.829885638781002655e+01
3.827644772188234867e+01
3.852636679779676143e+01
3.835106431964125306e+01
3.913491144826401325e+01
3.829667993888909194e+01
3.782217864137916052e+01
3.851930083165736107e+01
3.869377671766563509e+01
3.797908690010446975e+01
3.880115887876365122e+01
3.819833431590594586e+01
3.804032829169686636e+01
3.827361535784533686e+01
3.852940479622023418e+01
3.846062852641031071e+01
3.830394893902889208e+01
3.837101931067771687e+01
3.886138059477248419e+01
3.900297987273597045e+01
3.907909950446118330e+01
3.906807443319699757e+01
3.836359580397331115e+01
3.781108449679761918e+01
3.817557531194573528e+01
3.768302589472244790e+01
3.889692190083856360e+01
3.886056111668838042e+01
3.840370098998020154e+01
3.844766988199283730e+01
3.863270684735898186e+01
3.761320722087888413e+01
3.903940887601886800e+01
3.868600581825094054e+01
3.791126098608291528e+01
3.837922913813266490e+01
3.828769028321093515e+01
3.776554632476143070e+01
3.940794550535783003e+01
3.863583070995571234e+01
3.829881801738534364e+01
3.827530476432624340e+01
3.848036314109525335e+01
3.869226204853943329e+01
3.798070487665866324e+01
3.913608385086234875e+01
3.865712529199817737e+01
3.799696078633485286e+01
3.868178122329727842e+01
3.842378024849373475e+01
3.786289189624562823e+01
3.899166196926852734e+01
3.829763812915970078e+01
3.855301229686325826e+01
3.848970964131452632e+01
3.829351289950590598e+01
3.851065557736601619e+01
3.916998621626612476e+01
3.795987247620552552e+01
3.801802170755702548e+01
3.870668230469393478e+01
3.853261844929316737e+01
3.800581110991805645e+01
3.849881455976950662e+01
3.889173581627216691e+01
3.840532621208898689e+01
3.792364025387063009e+01
3.835707441648122540e+01
3.873628442959887508e+01
3.877570237700800249e+01
3.838490581646369293e+01
3.845191969269198751e+01
3.837114248696975238e+01
3.813683290120272318e+01
3.811960686741365834e+01
3.815424350191314318e+01
3.816612533712933697e+01
3.856635987886319583e+01
3.813968624339084812e+01
3.838331719753104210e+01
3.866157547543739526e+01
3.795736419219261393e+01
3.899475353359338214e+01
3.862897976022179591e+01
3.855865419233236935e+01
3.809027151531840616e+01
3.889496704612613343e+01
3.847207890453159962e+01
3.828832622282281051e+01
3.785538614845599881e+01
3.894290154405868520e+01
3.873778222272618876e+01
3.853589608614659312e+01
3.729170132697325357e+01
3.881459843172179092e+01
3.802040719752873343e+01
3.825865465191618853e+01
3.778421014778466258e+01
3.851677111633114947e+01
3.853434492656484167e+01
3.847849507728738416e+01
3.842662778733697593e+01
3.830775580324610985e+01
3.853678445599132374e+01
3.852615474841229570e+01
3.869543256179585455e+01
3.877940158421858996e+01
3.900887118396649811e+01
3.765387023609795847e+01
3.818958551705617310e+01
3.847153423887252899e+01
3.815528111869951999e+01
3.828578393404963265e+01
3.860366701828424851e+01
3.895104994810805721e+01
3.806975699360543786e+01
3.882761880632671847e+01
3.872944973090589116e+01
3.896454055970408348e+01
3.862324725177160190e+01
3.834296641868540689e+01
3.821955244390513684e+01
3.771941208940808110e+01
3.868147822658487200e+01
3.877626703056004231e+01
3.883596716665213222e+01
3.917380338001412809e+01
3.797852431501404169e+01
3.784610101106848390e+01
3.800314357438778501e+01
3.900711555102162720e+01
3.896412713662943617e+01
3.787721819525744849e+01
3.890509639858598234e+01
3.881225948596382835e+01
3.818219963212998636e+01
3.849041667119519872e+01
3.857264085488186822e+01
3.902129395099759535e+01
3.865348903954937043e+01
3.919991103783231523e+01
3.802703406051050194e+01
3.838600455865739036e+01
3.825134500832469087e+01
3.858138503984132939e+01
3.858202513146055423e+01
3.841629256680838722e+01
3.824666785164749427e+01
3.885646798468439300e+01
3.796942855411684548e+01
3.851153669783248290e+01
3.886759886894434146e+01
3.880385218926733870e+01
3.869849944028279509e+01
3.890890281008953622e+01
3.889561275009426566e+01
3.886307424002159649e+01
3.921481038873252345e+01
3.813905289318568492e+01
3.902185864718276065e+01
3.884008538201032223e+01
3.879747480000420978e+01
3.810517734926555988e+01
3.771481626637581996e+01
3.889561812181445788e+01
3.829930882313929885e+01
3.884488744853489806e+01
3.840707855229267409e+01
3.774987300554733594e+01
3.848846401796250660e+01
3.840944894530883147e+01
3.901140011496274695e+01
3.799960085497900764e+01
3.849835339673830958e+01
3.864149941949788314e+01
3.912881361709384009e+01
3.813657827871224981e+01
3.876224002076664021e+01
3.820124864012289123e+01
3.883507274924182440e+01
3.800453136832702938e+01
3.834881308828916957e+01
3.830990999995807300e+01
3.829595594252173640e+01
3.807157139098784171e+01
3.872411361046867739e+01
3.847422405751994745e+01
3.825136466529530566e+01
3.894018251738667402e+01
3.768186729485524467e+01
3.775504367371237890e+01
3.897395375924951111e+01
3.814692897188846388e+01
3.845756423919519307e+01
3.832406053686164427e+01
3.935850121254416933e+01
3.709438728343835123e+01
3.808163122252617683e+01
3.839211230379900996e+01
3.729161826332248353e+01
3.826497303027940688e+01
3.902842997934617841e+01
3.842295769139962403e+01
3.853591203313686009e+01
3.885833863131479404e+01
3.900546887961460385e+01
3.864906447811216594e+01
3.884336795594285974e+01
3.762014862635859913e+01
3.841395210878702215e+01
3.845845955433671293e+01
3.899916511940683250e+01
3.809838284774114925e+01
3.898465498019857733e+01
3.885545757604381834e+01
3.818536257736190720e+01
3.871333304954838184e+01
3.836638812647076691e+01
3.806837788211269924e+01
3.875085075464358653e+01
3.852835717997856335e+01
3.850311937205076873e+01
3.853495786602839956e+01
3.824013885352314901e+01
3.895423215966432196e+01
3.804400226335443591e+01
3.836424089999584197e+01
3.809977501128192046e+01
3.783048658871812364e+01
3.841736550860743904e+01
3.866107522822022702e+01
3.868777461578169152e+01
3.809691603652149894e+01
3.882940974461173766e+01
3.902246940630211469e+01
3.887394809684961672e+01
3.823934757620413194e+01
3.860212098684750259e+01
3.867549140936942109e+01
3.768442859431019798e+01
3.814248647819164262e+01
3.818888004879553932e+01
3.853670317291128811e+01
3.817044948944889171e+01
3.834288178354324828e+01
3.852190194361055120e+01
3.785904912174380144e+01
3.885924992590840077e+01
3.847191065491767148e+01
3.828493980311662170e+01
3.727157035258525042e+01
3.850833171740745087e+01
3.917780690620520545e+01
3.918855301823990800e+01
3.820443273805470596e+01
3.869168126796400742e+01
3.900484631945104042e+01
3.864306295914853706e+01
3.820181024190100061e+01
3.849057899501792690e+01
3.855300101570841065e+01
3.881419158294979610e+01
3.872221761040572119e+01
3.870894868748762008e+01
3.879410132794082955e+01
3.837225212262157470e+01
3.811347883480962651e+01
3.843312221839951093e+01
3.885710680750878510e+01
3.769960602395599381e+01
3.885392165741099291e+01
3.807874735451299841e+01
3.853989986247101029e+01
3.845682695689789199e+01
3.897136653994053290e+01
3.794322656742247801e+01
3.843630324866924042e+01
3.803475321448192403e+01
3.749345446871991072e+01
3.896891379396374333e+01
3.872640519895529110e+01
3.860718892748329978e+01
3.891124210286161400e+01
3.908008050930324373e+01
3.826293029148850877e+01
3.791283776711192388e+01
3.854843697530954216e+01
3.823637798319292358e+01
3.840199201448430699e+01
3.822353296112054011e+01
3.862260137866929455e+01
3.905999295528653192e+01
3.924054717920444091e+01
3.863333406354320232e+01
3.833518091544885920e+01
3.825710604739317233e+01
3.848443774930027672e+01
3.843349549424096523e+01
3.878040486147656196e+01
3.820059711839062544e+01
3.878603960497854075e+01
3.874492413222863973e+01
3.861353191942677654e+01
3.799454002567686928e+01
3.835932335737116006e+01
3.885058713204957570e+01
3.846772773944038448e+01
3.761059102453461378e+01
3.870443406670454323e+01
3.821269179896984980e+01
3.834041133759232878e+01
3.903556264525410313e+01
3.842869033935917145e+01
3.775420247781389804e+01
3.894489369163242998e+01
3.724567969456775529e+01
3.762126141527452461e+01
3.854459356999075226e+01
3.747391368859381799e+01
3.916655882092415197e+01
3.810452839812462145e+01
3.915085942929478335e+01
3.826328193922550014e+01
3.848112338354435735e+01
3.893204052814972727e+01
3.842027206279852436e+01
3.832693759883254359e+01
3.874438774108867278e+01
3.834111089163523189e+01
3.810425795624641410e+01
3.858799769560087611e+01
3.882385044464128754e+01
3.884022699986699934e+01
3.788352569865922703e+01
3.791118763920746204e+01
3.825415443357918832e+01
3.806919095809121956e+01
3.865059726546081720e+01
3.879028053254509700e+01
3.848049391711960254e+01
3.807453605009656883e+01
3.833444039798504832e+01
3.862883142007409276e+01
3.843502539905001214e+01
3.853374738262735377e+01
3.804638371255361307e+01
3.849978489201417631e+01
3.869733232546610679e+01
3.770809600392070138e+01
3.834073333785929094e+01
3.816361502607864509e+01
3.792713314394481472e+01
3.808639440668541454e+01
3.831516662645493199e+01
3.901783559499060061e+01
3.778277612053253876e+01
3.798950924460761769e+01
3.847940558998902816e+01
3.851508268652675326e+01
3.778115730047974807e+01
3.831743146494100216e+01
3.742249951993411372e+01
3.851956228371525270e+01
3.884328155405016503e+01
3.839456082030131512e+01
3.813903389683153478e+01
3.895409437379232287e+01
3.830421621061012871e+01
3.880018891609766030e+01
3.895068782763725324e+01
3.876418988349617223e+01
3.875921010706112924e+01
3.814940700962565501e+01
3.878582415880944723e+01
3.792380576311340690e+01
3.756590188426400090e+01
3.808524507620288801e+01
3.867728406166941113e+01
3.771447988758561820e+01
3.790837013213320006e+01
3.845559388840207049e+01
3.904919785165077428e+01
3.870717227015699535e+01
3.831398119158574644e+01
3.808575594667923525e+01
3.884998781650688215e+01
3.891222676577438477e+01
3.778287028530237990e+01
3.899649691138134955e+01
3.832560344673063923e+01
3.744729171221063524e+01
3.861536260497275208e+01
3.802202544878275603e+01
3.786178909413860083e+01
3.890156134663432397e+01
3.813893295206247558e+01
3.838104062456460497e+01
3.778767099919119232e+01
3.888752968395477438e+01
3.784080860566506033e+01
3.918200315605399453e+01
3.768383973581232738e+01
3.732770455933735576e+01
3.835899699304242461e+01
3.849712591586758492e+01
3.832823919924744160e+01
3.832114881844738363e+01
3.868998070247835130e+01
3.873678930659789188e+01
3.883809727952171897e+01
3.916773365356711878e+01
3.862975920668347385e+01
3.859017989475906774e+01
3.753656963525691026e+01
3.835763054984258957e+01
3.876554454958511542e+01
3.894937608769532744e+01
3.842037083862491897e+01
3.802643888837006614e+01
3.846245998992483095e+01
3.856056236624902311e+01
3.741629668296351241e+01
3.838284291633210188e+01
3.794199127518411530e+01
3.864948371557594697e+01
3.900546690445940357e+01
3.847758353168361367e+01
3.799620434176745221e+01
3.806085086371052029e+01
3.856227204545344733e+01
3.935850121254416933e+01
3.812478947720831002e+01
3.788303161482931358e+01
3.732067243100350851e+01
3.854227315187112879e+01
3.788251972674564882e+01
3.853767337121205117e+01
3.869473806610171351e+01
3.878443511629629370e+01
3.773184630868309597e+01
3.848400591320846331e+01
3.773407669524843300e+01
3.742987227737639699e+01
3.845363634589103441e+01
3.761937059095610891e+01
3.891413105968359787e+01
3.858748889032555951e+01
3.808068710118408973e+01
3.743984894228180593e+01
3.871856882991179560e+01
3.884118205081522746e+01
3.833025430838669934e+01
3.842017028335995832e+01
3.799060050178665193e+01
3.881465242716681985e+01
3.783013058350665858e+01
3.759102936968865549e+01
3.798269098465632965e+01
3.851024999588111086e+01
3.846814855487665596e+01
3.888425979649060338e+01
3.861942382803638907e+01
3.735390297219360889e+01
3.786994095346353362e+01
3.868384037388626950e+01
3.861590488815149769e+01
3.862778823248879689e+01
3.791419286461777460e+01
3.851433963394691773e+01
3.772176707871557255e+01
3.798411049192865363e+01
3.846893798159768352e+01
3.746070299015175209e+01
3.900481526309774694e+01
3.841958619045450973e+01
3.866944587591847693e+01
3.905020429130915005e+01
3.787111245600186038e+01
3.768675438057852034e+01
3.819907721947324575e+01
3.886350514874596485e+01
3.853503887064552913e+01
3.805811459051569301e+01
3.873997526225988253e+01
3.895564674026233831e+01
3.869062370213290336e+01
3.803441139321946451e+01
3.780940921653139952e+01
3.824925603459985268e+01
3.831162797236719086e+01
3.899103817544042982e+01
3.841684371149404598e+01
3.862743107090194883e+01
3.885966932063035983e+01
3.856061394034720280e+01
3.804187443448918060e+01
3.794622576907016764e+01
3.860561085238862233e+01
3.838225309712349542e+01
3.826026005073507008e+01
3.874087374547546858e+01
3.885733728480236238e+01
3.806622555364628369e+01
3.872994943204496110e+01
3.882264151157659171e+01
3.878595255238796824e+01
3.832113436905178361e+01
3.823809307328230744e+01
3.880050321306292460e+01
3.823241533041060336e+01
3.882285130052439115e+01
3.853624363284927767e+01
3.922879261761017489e+01
3.819595074590429107e+01
3.895829388434317764e+01
3.880691014965897523e+01
3.817154006696978286e+01
3.822956564567891036e+01
3.852723330535411606e+01
3.829771351451589112e+01
3.807272099378780439e+01
3.822225122402794284e+01
3.860414151163200103e+01
3.908197255145101678e+01
3.785336610896679588e+01
3.864128109459645799e+01
3.797015353920604497e+01
3.792132471044143927e+01
3.799156915986259975e+01
3.822717035924616624e+01
3.860453655654404770e+01
3.837200063933000393e+01
3.813627542356303479e+01
3.833814359665972660e+01
3.746594364167307845e+01
3.777688923020822642e+01
3.879098878939606720e+01
3.684337710332069094e+01
3.813172769875433943e+01
3.878304627724308062e+01
3.819052536710411516e+01
3.776367483425392635e+01
3.879525181319124982e+01
3.895508209174477798e+01
3.856563582396864831e+01
3.826152207863218280e+01
3.767688328715413348e+01
3.903797693792100176e+01
3.738988278462954895e+01
3.797156342044404198e+01
3.878846621891726443e+01
3.861536603274132773e+01
3.871844757669165205e+01
3.799437892883388201e+01
3.834078783640868693e+01
3.782825935027067032e+01
3.820302489507316324e+01
3.823817504542702750e+01
3.868392282602366805e+01
3.857937087485167638e+01
3.799942034785372158e+01
3.808026979683808122e+01
3.854049344268286603e+01
3.871539456194373940e+01
3.847767504152250240e+01
3.831993936179157600e+01
3.861845440486411718e+01
3.904280188389787298e+01
3.885487121703981472e+01
3.858888179999789259e+01
3.902452442464762328e+01
3.918539222886324325e+01
3.799739133308961669e+01
3.795755799889514037e+01
3.856647472150626044e+01
3.935850121254416933e+01
3.838485900751511792e+01
3.833568851906964170e+01
3.908647769415144779e+01
3.696646456786695012e+01
3.899009483209821525e+01
3.861075759533424190e+01
3.819979064409155711e+01
3.791039080088130220e+01
3.847195376870350003e+01
3.845644774470120808e+01
3.893793119171333927e+01
3.842018950891425533e+01
3.745786061382120380e+01
3.861446936936591356e+01
3.783687311112996099e+01
3.824073267940460852e+01
3.853284769812238153e+01
3.819788960098407671e+01
3.814013059892756274e+01
3.831137367958799445e+01
3.848805576073208101e+01
3.765041998552602820e+01
3.814221748019485858e+01
3.905997243827624743e+01
3.813690339084328684e+01
3.762344613033130258e+01
3.801041065894557391e+01
3.858263486993858038e+01
3.865335197188621663e+01
3.795486076461149594e+01
3.831232147283554923e+01
3.799515694500649943e+01
3.898087506101109057e+01
3.834707594175789325e+01
3.828301294416483813e+01
3.844460300348031012e+01
3.794120828933690603e+01
3.815601531305228633e+01
3.869775537075943816e+01
3.764514645475220078e+01
3.823451605021018906e+01
3.784319591344013389e+01
3.841183104211952326e+01
3.882807242769791856e+01
3.875239270519028878e+01
3.875760353575730477e+01
3.862853296098384703e+01
3.820498431224682889e+01
3.878470576126968439e+01
3.761520493660201225e+01
3.886884746350670383e+01
3.848267151848273926e+01
3.898712773081533811e+01
3.847425911227450257e+01
3.850165179928198000e+01
3.867570156750900168e+01
3.871823380479650467e+01
3.797614057212753380e+01
3.904683764768846999e+01
3.904418425319421715e+01
3.869102250993907433e+01
3.760967373253526347e+01
3.794346661276129851e+01
3.882908058964549269e+01
3.842913056062340615e+01
3.807389169851919775e+01
3.751960858504875063e+01
3.804958235447845283e+01
3.817097122206001103e+01
3.897122805993375039e+01
3.794297018067828731e+01
3.849713817177138964e+01
3.798837717914789636e+01
3.840578474930988762e+01
3.747258104376062704e+01
3.826669697129266723e+01
3.864957193998831997e+01
3.913263713500511898e+01
3.822460778737256248e+01
3.860139209058743148e+01
3.877614134441830629e+01
3.797905345663215826e+01
3.918599800016156109e+01
3.908754699819959200e+01
3.894252731814177793e+01
3.832684432208864678e+01
3.813825168761677276e+01
3.924020762717815103e+01
3.797668769952051804e+01
3.810422395572278731e+01
3.832907156883288025e+01
3.830541821992021312e+01
3.886384202685027134e+01
3.902990455673084824e+01
3.822436469084100708e+01
3.838835553538371670e+01
3.810570597252181102e+01
3.901526959651366155e+01
3.880887301782863119e+01
3.888430137328553116e+01
3.783069956298569281e+01
3.860378807518016941e+01
3.815523893962323143e+01
3.861625636497621628e+01
3.754952819945886233e+01
3.898073900081493548e+01
3.734625014491259520e+01
3.918769474790343565e+01
3.819724786945993600e+01
3.823889453987313658e+01
3.884911624333872737e+01
3.852007065249989637e+01
3.777679153587041583e+01
3.901572438592467051e+01
3.804555188124862042e+01
3.850712940760335812e+01
3.891483193402041962e+01
3.877248748072749152e+01
3.899821076496076699e+01
3.840349162270411654e+01
3.796834522555716518e+01
3.816997198863641927e+01
3.777622757162732370e+01
3.816384977073381179e+01
3.800304196643458710e+01
3.788194753984993923e+01
3.914949220865164392e+01
3.891691984182252639e+01
3.798128146736332411e+01
3.771540059430606107e+01
3.811795682527796458e+01
3.896060901760807127e+01
3.842461215700902954e+01
3.832203138647675189e+01
3.874050260051842542e+01
3.654292792314750216e+01
3.739615666695421226e+01
3.855009900009837054e+01
3.883051897049758594e+01
3.894789376687501203e+01
3.832372710617610068e+01
3.919820998113479504e+01
3.820182176287474363e+01
3.816833422070972404e+01
3.832056956121674318e+01
3.847235917028233843e+01
3.778669844730456617e+01
3.822686378309532529e+01
3.935850121254416933e+01
3.887784967185812945e+01
3.872797683898399868e+01
3.874512218042531231e+01
3.870949615518146203e+01
3.859888116968187433e+01
3.823577498658133322e+01
3.848593962646026512e+01
3.851297803562856359e+01
3.872910905261108638e+01
3.814940289438577992e+01
3.828360590592399859e+01
3.882861484164843091e+01
3.775698433230115114e+01
3.843785400411975672e+01
3.780046253341465246e+01
3.897288743221451313e+01
3.847049869993617222e+01
3.794768908885947667e+01
3.703579715723611088e+01
3.871939780469604386e+01
3.875293922449152006e+01
3.807444046014498440e+01
3.798127225300773802e+01
3.887006612528366389e+01
3.732918011397129732e+01
3.823678265430711321e+01
3.822882754925224447e+01
3.785879471322971312e+01
3.819334894889674814e+01
3.867786845259063711e+01
3.920803268169930789e+01
3.880096070507438100e+01
3.853664074352509772e+01
3.804086233419887719e+01
3.846909432974187837e+01
3.823372870792064759e+01
3.851633533467137482e+01
3.837870962384248230e+01
3.795819005373617472e+01
3.863979328160800009e+01
3.757091163328053085e+01
3.853698606202463139e+01
3.847602246147326355e+01
3.845445584225509350e+01
3.814040997853502546e+01
3.858722523330348508e+01
3.805318036685995509e+01
3.832545607203481808e+01
3.862903066949795772e+01
3.818319550406518914e+01
3.762946601967081506e+01
3.825075671381812725e+01
3.895653806374637895e+01
3.935850121254416933e+01
3.781655059315488643e+01
3.771861444414958697e+01
3.843513493043884921e+01
3.891113082839530080e+01
3.820700301559119794e+01
3.902363274491661826e+01
3.848458072477461656e+01
3.851537978913355431e+01
3.832708957993567367e+01
3.835543799961853750e+01
3.832532523680394121e+01
3.827940657114719869e+01
3.832264889391537110e+01
3.804725786056364001e+01
3.820409732084676335e+01
3.867559181452338635e+01
3.835641164568593098e+01
3.881554750402869303e+01
3.885789023532267805e+01
3.745766247375405555e+01
3.759030364045045758e+01
3.876539391463747819e+01
3.825594720616703626e+01
3.827927625358547914e+01
3.831486501420553736e+01
3.818152621092212229e+01
3.850352006787331050e+01
3.834504311160517176e+01
3.821043561165151203e+01
3.775689848696966067e+01
3.837950972452849641e+01
3.764092579845086561e+01
3.839655437791689252e+01
3.898123032983813374e+01
3.834633092393789866e+01
3.887772178601716178e+01
3.892626458869268902e+01
3.870477346594022805e+01
3.818118404054821724e+01
3.802899027354771988e+01
3.883993786973851314e+01
3.793791323070460919e+01
3.902799405157230694e+01
3.809662020433652430e+01
3.849037313157731433e+01
3.906834020467341162e+01
3.796672663990239016e+01
3.815758260914395095e+01
3.787243676831819528e+01
3.865937670183159725e+01
3.833465481779742134e+01
3.857783523535459125e+01
3.803466307137179570e+01
3.900101377019875315e+01
3.870577423677544004e+01
3.748852181462644495e+01
3.738645865860141271e+01
3.882531566122688815e+01
3.859744410843757834e+01
3.822197231533454698e+01
3.877555429770743700e+01
3.855726966903394271e+01
3.869806505110084771e+01
3.773844729406310705e+01
3.857399700766699624e+01
3.878949358266383740e+01
3.813575853030142326e+01
3.850623985400292781e+01
3.809481131542284515e+01
3.838165242624786089e+01
3.920909544304873151e+01
3.830279185179695389e+01
3.884675968852346983e+01
3.823969555709128088e+01
3.806954753152107429e+01
3.649699842247735404e+01
3.850822937210230634e+01
3.906027339409099852e+01
3.811068652541601409e+01
3.838013042886630188e+01
3.765935397325531397e+01
3.840166840441487750e+01
3.869672826362698004e+01
3.873297303164971339e+01
3.864645606244429388e+01
3.871859018618869896e+01
3.820108950447274765e+01
3.860325350666844457e+01
3.887486527329054553e+01
3.848706701086618409e+01
3.763873812473953961e+01
3.851004330394661679e+01
3.935850121254416933e+01
3.835640724025217452e+01
3.872536418590389928e+01
3.850484360557466346e+01
3.780838132561380149e+01
3.869243576304179300e+01
3.829695774795928997e+01
3.891334746264397637e+01
3.898482735334617644e+01
3.903489870454030353e+01
3.824629426219722461e+01
3.868054341894429626e+01
3.853773174658559952e+01
3.835489421129602050e+01
3.820066440052377033e+01
3.866789713334438972e+01
3.861095792217943057e+01
3.854720678247993249e+01
3.798756690686412441e+01
3.837253022267460523e+01
3.826910238298750500e+01
3.827675526388740224e+01
3.856433052459593114e+01
3.773582701977364451e+01
3.866148896859077411e+01
3.808756678633789505e+01
3.850757258158733976e+01
3.865547842816989998e+01
3.829181217049670494e+01
3.798496055216706679e+01
3.889051447941399431e+01
3.845955910285102419e+01
3.875293467263445990e+01
3.758823474102654671e+01
3.896614861358705895e+01
3.749247939380457950e+01
3.881418976528711795e+01
3.800047366623024914e+01
3.820023632576802441e+01
3.768312155960546761e+01
3.815418096320724572e+01
3.823694253744683635e+01
3.841940538172604391e+01
3.854470526590028356e+01
3.841860579742215975e+01
3.857601827288331009e+01
3.824355337414135647e+01
3.830965163191266498e+01
3.917813307029382486e+01
3.873860280337710549e+01
3.854163021937038280e+01
