2.095998855246305993e+03
2.104948263711103209e+03
2.102742946813453273e+03
2.079581160416751572e+03
2.128506185026062667e+03
2.134689564700141545e+03
2.117523466882710181e+03
2.124624855038680835e+03
2.112019069417709034e+03
2.128000270608638857e+03
2.129963200286636493e+03
2.103354232176069218e+03
2.114735699870599547e+03
2.131468408233916762e+03
2.110096698120373730e+03
2.085036955670796488e+03
2.113237416616872451e+03
2.107392487149409135e+03
2.108892466197192789e+03
2.113060855863820052e+03
2.096359471046653653e+03
2.084435993059511475e+03
2.123847232044323846e+03
2.111702455219778585e+03
2.115817117652252364e+03
2.091199371067390985e+03
2.079269447958131877e+03
2.100317465847700078e+03
2.097440903693602195e+03
2.118918435611747555e+03
2.118769190015166259e+03
2.128419387490975623e+03
2.122843757629234915e+03
2.118836251491855819e+03
2.102170061586874453e+03
2.115845706784274626e+03
2.099152183924817564e+03
2.115096940361166617e+03
2.124463010687218684e+03
2.107583505086888636e+03
2.115794760856766970e+03
2.105950379138831522e+03
2.119322269989452707e+03
2.084142614590037283e+03
2.114569065402201886e+03
2.113835503414701634e+03
2.113714986426252381e+03
2.079660047050767389e+03
2.111808540310365515e+03
2.100705649972035644e+03
2.107301113299641656e+03
2.115972809294482431e+03
2.105546544677310067e+03
2.107153150863775409e+03
2.106555935188422154e+03
2.095453732279464475e+03
2.095707967012799145e+03
2.098984675844450067e+03
2.122427175030348735e+03
2.112378174857778049e+03
2.128619424980228359e+03
2.121656542806363177e+03
2.129122692150371222e+03
2.131955673486078013e+03
2.107687551191379953e+03
2.117297590390327059e+03
2.131614836155470130e+03
2.111424037083520943e+03
2.098045221558817502e+03
2.128267317399736839e+03
2.096695019029868945e+03
2.105102216172525004e+03
2.117396236773138753e+03
2.092207068179141970e+03
2.110555002601446631e+03
2.122721249279118638e+03
2.093483724191829424e+03
2.110076045939129926e+03
2.112098736082918549e+03
2.106221119225489929e+03
2.112268945639921640e+03
2.106758610734021204e+03
2.128548292625600425e+03
2.106699244269296287e+03
2.094712182697991466e+03
2.110564896287572992e+03
2.116279148429482575e+03
2.099955415270600952e+03
2.122108231218211131e+03
2.107308279376415612e+03
2.098096299574752265e+03
2.102775243318757475e+03
2.110209382086302867e+03
2.107188688935466871e+03
2.108351842158773252e+03
2.105686577483026213e+03
2.119474459756484976e+03
2.125759226896387190e+03
2.128501150500085259e+03
2.128422313801899236e+03
2.109775688923376947e+03
2.092735638685965114e+03
2.106598515253957885e+03
2.087282394162984929e+03
2.119938623272476889e+03
2.116126106727323531e+03
2.107445647363385433e+03
2.111482011503662761e+03
2.112413873337691257e+03
2.081235556197336791e+03
2.124479632393568409e+03
2.114412116640096428e+03
2.094277164415694187e+03
2.108910432814481737e+03
2.105145902712528823e+03
2.091120921577045010e+03
2.140888837212831731e+03
2.113894081604602434e+03
2.106800720172114779e+03
2.105015647920428819e+03
2.116028228273016794e+03
2.118224430771058906e+03
2.099760441139711475e+03
2.126861455483334339e+03
2.118520488543559168e+03
2.098961192894406395e+03
2.117162881646243932e+03
2.111342077570296624e+03
2.097263466557167249e+03
2.124653570316664172e+03
2.108297998646780798e+03
2.112737676984030713e+03
2.108360231954651681e+03
2.109034097093281162e+03
2.114310432805742948e+03
2.129090638659042725e+03
2.098719597040446843e+03
2.101004058447049829e+03
2.114008607370185473e+03
2.111629054120845922e+03
2.100217256000891211e+03
2.114444171757744698e+03
2.122063753917098893e+03
2.110534040435434690e+03
2.097688509886423162e+03
2.106325801240760939e+03
2.117541720454380993e+03
2.118030443153361375e+03
2.104079916575327843e+03
2.116570938903167644e+03
2.100421338273758465e+03
2.104337483500874441e+03
2.100490048332577317e+03
2.099461517134162023e+03
2.101118068327735273e+03
2.111524848177943113e+03
2.101756749096785825e+03
2.105502673252204659e+03
2.115567238692545743e+03
2.094668088891172374e+03
2.123631496100379536e+03
2.113300873133388905e+03
2.117050729542658246e+03
2.095923481557520972e+03
2.123002546801175868e+03
2.109482223802471708e+03
2.106585751362922110e+03
2.094860362398907455e+03
2.122754305995123559e+03
2.116519191222677364e+03
2.113846772362600404e+03
2.084437189839230541e+03
2.120305955525122954e+03
2.094787372116829829e+03
2.104780821612775981e+03
2.095975330183542610e+03
2.112481001161037966e+03
2.107021025045622537e+03
2.113707058909171337e+03
2.107570805788746384e+03
2.105620538877229137e+03
2.108716647474704587e+03
2.111284031800455978e+03
2.116745274375507051e+03
2.119776433972554514e+03
2.122272779975658068e+03
2.088955436637544153e+03
2.101637174775994481e+03
2.114406058240364473e+03
2.101465559092114290e+03
2.104017859859553937e+03
2.111145625861856388e+03
2.123682796500896075e+03
2.096285163020102573e+03
2.116668587196850240e+03
2.112188119289317456e+03
2.122151911507026853e+03
2.111954071812128404e+03
2.105464544071811815e+03
2.105004985014506474e+03
2.093550894123162834e+03
2.113405400290965645e+03
2.124249862323938942e+03
2.118770697103592738e+03
2.128677631371648204e+03
2.097112092340877098e+03
2.091638823315501213e+03
2.099323584526240666e+03
2.123214170762832509e+03
2.126922612103966458e+03
2.101860795071873326e+03
2.121584696345741577e+03
2.115718530371595989e+03
2.110349126820863603e+03
2.111552053743453598e+03
2.115367123318178528e+03
2.123070149108362784e+03
2.115155318813336635e+03
2.129835121389085089e+03
2.101655225169863115e+03
2.111643291649719231e+03
2.099419137401423995e+03
2.110528485272925536e+03
2.113806655278268408e+03
2.105356483958073113e+03
2.104331069659356217e+03
2.116392743133652857e+03
2.098889002793394411e+03
2.106142998665347477e+03
2.120448286911971536e+03
2.117146875019273921e+03
2.115627105562697125e+03
2.123163746135687688e+03
2.120824893146209888e+03
2.117767016430071180e+03
2.129757946723532314e+03
2.106227771146429859e+03
2.124521148661211100e+03
2.125913452299117580e+03
2.118129819588813461e+03
2.105446268340117513e+03
2.094547425327797100e+03
2.119146321785004147e+03
2.107902232083936269e+03
2.120526513853161759e+03
2.113794682326795282e+03
2.091595145856097133e+03
2.113741706983651056e+03
2.104716591035848069e+03
2.124980514220013902e+03
2.099595477884160118e+03
2.111380614466131192e+03
2.112808512019523732e+03
2.126581493018640685e+03
2.098658120721530850e+03
2.119041004548173078e+03
2.101812798009143080e+03
2.120138988916818562e+03
2.097675775347975559e+03
2.104626733797321322e+03
2.109867114242943899e+03
2.104295712319748873e+03
2.097797516555890070e+03
2.118421600494034010e+03
2.108894028062777579e+03
2.099123253950586786e+03
2.121683227539098880e+03
2.084955858124915267e+03
2.093199841530763933e+03
2.123008937356216393e+03
2.104633472861903101e+03
2.111168296674455632e+03
2.111483239661728021e+03
2.134091875110377714e+03
2.081122732470619212e+03
2.098840400326367671e+03
2.106507718258217210e+03
2.079958112639071715e+03
2.103231837809756144e+03
2.124538482080505673e+03
2.114321958178327804e+03
2.117916078740162902e+03
2.120904065012864521e+03
2.121473892080204678e+03
2.114366910723457295e+03
2.120845118913252008e+03
2.088449924837481831e+03
2.107203673204896859e+03
2.108145991884142859e+03
2.126403877120540528e+03
2.102435413286227686e+03
2.121344889762649018e+03
2.121655289615551737e+03
2.103037781632022416e+03
2.117090152216281240e+03
2.109064982598815277e+03
2.097334290347454044e+03
2.117927962339948408e+03
2.109869427115040253e+03
2.119918564143386448e+03
2.111395110330842726e+03
2.108242440220100434e+03
2.128397032097772808e+03
2.097744932963372321e+03
2.102465962674302773e+03
2.102519327866094500e+03
2.091933981545385450e+03
2.112165679969928533e+03
2.115771615357153678e+03
2.113568756136929551e+03
2.102938177276009810e+03
2.121390605253349349e+03
2.125161967848916902e+03
2.118533458649385921e+03
2.103678395681591155e+03
2.113140199169621155e+03
2.113801146309083833e+03
2.096650089446664424e+03
2.098912549854070676e+03
2.104591694345172982e+03
2.114985039863990551e+03
2.101303797654553364e+03
2.102976993863655480e+03
2.115396687540175208e+03
2.089752276761195844e+03
2.122973949609841384e+03
2.110702967076897039e+03
2.102711734005822109e+03
2.077036370085922954e+03
2.110942281709247709e+03
2.128931769478574097e+03
2.128797781017719444e+03
2.105355716757494065e+03
2.115613489548503367e+03
2.122450819305237928e+03
2.114297882082258639e+03
2.101885028208713265e+03
2.116174662327907299e+03
2.110611392366494783e+03
2.120653277790227548e+03
2.118859505282426653e+03
2.119007299902172690e+03
2.119550247754216343e+03
2.103917364070204258e+03
2.099147372828955213e+03
2.113263198957419263e+03
2.118151289162482499e+03
2.100843332658239433e+03
2.118393458656712937e+03
2.100316178118830067e+03
2.111794706979480907e+03
2.110447904806677343e+03
2.123309695442401335e+03
2.096833865490156313e+03
2.114861449678800000e+03
2.100998291291594342e+03
2.081528793020725971e+03
2.124694116189947636e+03
2.118974880200179996e+03
2.116467849324359122e+03
2.119195567397875493e+03
2.137771019493555741e+03
2.111299174665933606e+03
2.095091958207418884e+03
2.108628024586540050e+03
2.112921210289250212e+03
2.107764882758033309e+03
2.105799109999543816e+03
2.113851619083248806e+03
2.125731577073092012e+03
2.130874609459274780e+03
2.116778400833974047e+03
2.110005014345767449e+03
2.104914386056550939e+03
2.105615798198526591e+03
2.108445541181917179e+03
2.119088767244887094e+03
2.102497472921470035e+03
2.115875408857117691e+03
2.118363899738162672e+03
2.112293431243016130e+03
2.096136899227904905e+03
2.111657836200860402e+03
2.121185563839777842e+03
2.114159054103942708e+03
2.097190391547655963e+03
2.110069065260786829e+03
2.107610689184899456e+03
2.106884228191864167e+03
2.124177397316436782e+03
2.105647090851249231e+03
2.099527748300210988e+03
2.122107612829950540e+03
2.085577550836703267e+03
2.085700637010368609e+03
2.110721778837341844e+03
2.077675146422784564e+03
2.127392005804914334e+03
2.103545488814623695e+03
2.133209865583633018e+03
2.103796643364139982e+03
2.109874206750832400e+03
2.122283052268262054e+03
2.109862341068337628e+03
2.107574613039460019e+03
2.115019620823690275e+03
2.100576863800848514e+03
2.104395353854620680e+03
2.112817031779398803e+03
2.122519673242110457e+03
2.119497378890899654e+03
2.088110664253398681e+03
2.099601629019795382e+03
2.101419468511493506e+03
2.101438191824158366e+03
2.110731003035872163e+03
2.116370519708505981e+03
2.115234721423126302e+03
2.098296112098748836e+03
2.105266468514916596e+03
2.114248643750515384e+03
2.102803594724847244e+03
2.116649602011923434e+03
2.106000924327362554e+03
2.113505846087693499e+03
2.117697741155187032e+03
2.092238034955485546e+03
2.104412472377089671e+03
2.103603344540462786e+03
2.098313432060196646e+03
2.097802849718309062e+03
2.113037013443132309e+03
2.123999521600017943e+03
2.096045491879665406e+03
2.092492230268927415e+03
2.109971497877389083e+03
2.112685061154042160e+03
2.093546707495142982e+03
2.103939958555574322e+03
2.083501370920579575e+03
2.113747383051950692e+03
2.118960586021020845e+03
2.113770117690601637e+03
2.103614209343103084e+03
2.121834620033163446e+03
2.108009400743969763e+03
2.117641619292422547e+03
2.121414250814734714e+03
2.115214619416332880e+03
2.117715806023587902e+03
2.099318481535616684e+03
2.118077636942085974e+03
2.095211309394995169e+03
2.091641234746483860e+03
2.103234394867038645e+03
2.112384862569764209e+03
2.086316053631790055e+03
2.095554829706392866e+03
2.110409244244828642e+03
2.123271419198390959e+03
2.115246607641473474e+03
2.109260843210697203e+03
2.097000742326650652e+03
2.127131849830634565e+03
2.120879044153306495e+03
2.084524283473446303e+03
2.131294125416050520e+03
2.107642875744696084e+03
2.078543624704253489e+03
2.116178800211891030e+03
2.100621718938814865e+03
2.096902304733242545e+03
2.123578286985778050e+03
2.103450722493232206e+03
2.110162289613917892e+03
2.094766633624940368e+03
2.122390898247168025e+03
2.093741919721926479e+03
2.128733971668569211e+03
2.090011801437037775e+03
2.081649438279180231e+03
2.111270027443770232e+03
2.110306160995028222e+03
2.107033407481520499e+03
2.109869301703872225e+03
2.113171042523776123e+03
2.116059498453671949e+03
2.121099164715555162e+03
2.128118149842454841e+03
2.111528116844390752e+03
2.110670622956200532e+03
2.089056676294668705e+03
2.109384943711942924e+03
2.117527491490161992e+03
2.127609264631987116e+03
2.109449095248333379e+03
2.099396957862255476e+03
2.105294942483332761e+03
2.111811788406983396e+03
2.084833463773280073e+03
2.101413374267739073e+03
2.100931258837497808e+03
2.119220959988378581e+03
2.126719185117913185e+03
2.109001544891431422e+03
2.100304245085328148e+03
2.099571205086457667e+03
2.112863332160275604e+03
2.134091875110377714e+03
2.102422916348560648e+03
2.096141899725280837e+03
2.080392784612515698e+03
2.107901920059099666e+03
2.096668017279281685e+03
2.109824444084059451e+03
2.115264758225031528e+03
2.121603399816353431e+03
2.095056313100575608e+03
2.114570472480915669e+03
2.086447571329673792e+03
2.083840766532418002e+03
2.112583078613957696e+03
2.094266749842492572e+03
2.123437961700939013e+03
2.114088987718884255e+03
2.099397341374544794e+03
2.089612691896457363e+03
2.118592239951559350e+03
2.118639306228507849e+03
2.106789258681292722e+03
2.108689467549474102e+03
2.096310575504436656e+03
2.117782832836600392e+03
2.091975837484811109e+03
2.087745428936766530e+03
2.103598253329017098e+03
2.106458150518427374e+03
2.107831301191201419e+03
2.119864298400495500e+03
2.110229785452163469e+03
2.079663791412259343e+03
2.098267150880870304e+03
2.116000564388323255e+03
2.114392249371202070e+03
2.112840281636735199e+03
2.096235558536903682e+03
2.108980754973276362e+03
2.089959085273916571e+03
2.094581583521206539e+03
2.109792614174308710e+03
2.079674952583624417e+03
2.124407122717820585e+03
2.107777183788761249e+03
2.117282021730844917e+03
2.126681051811659927e+03
2.096143997192661573e+03
2.094551052711055945e+03
2.100474101861077997e+03
2.119662159539664572e+03
2.113738001085141605e+03
2.100678088354640295e+03
2.119839448694724524e+03
2.121110083835608293e+03
2.123388841406194388e+03
2.100771383666767179e+03
2.100632471358193925e+03
2.104846710441729101e+03
2.105542563216470171e+03
2.124463512538308805e+03
2.112579518159232066e+03
2.112775734608315815e+03
2.125138793334489037e+03
2.115681844369607006e+03
2.108548265915745560e+03
2.098855769399888686e+03
2.114878827099961654e+03
2.107763432943268981e+03
2.108786235548262994e+03
2.114845236739408392e+03
2.122014244326421249e+03
2.101252777519126084e+03
2.114212510888279667e+03
2.118071107012599896e+03
2.117581389786550062e+03
2.105466601966381859e+03
2.104055987811388604e+03
2.114548114221864125e+03
2.102572337068260822e+03
2.121244235935691904e+03
2.114836969845722706e+03
2.130772964487981881e+03
2.101274052635459611e+03
2.121996532038919213e+03
2.119013267410363824e+03
2.099884955270579212e+03
2.109198054675706771e+03
2.116385523917888349e+03
2.104415410359590169e+03
2.106709485566615058e+03
2.100924757240911731e+03
2.116122065183195446e+03
2.134854035189130173e+03
2.097541162728758536e+03
2.114109518052415751e+03
2.099671801325462184e+03
2.096967386365697621e+03
2.094096681124597580e+03
2.116258970487930583e+03
2.114920247598161041e+03
2.116240718014204504e+03
2.095641480981432323e+03
2.101672602759002984e+03
2.081231282255814222e+03
2.090412282269049228e+03
2.118651302477522677e+03
2.064480082632872382e+03
2.102867130876055853e+03
2.119712036882565826e+03
2.107816887298667098e+03
2.096468324545830001e+03
2.120382463021403510e+03
2.120768967796308516e+03
2.114123154984497887e+03
2.101820641416446051e+03
2.089637630866541713e+03
2.124823614054528662e+03
2.086230553102465819e+03
2.107390732718272375e+03
2.119207542537892095e+03
2.114676630166184623e+03
2.117867829567290300e+03
2.099925482515166550e+03
2.111559588702725705e+03
2.095555377708142714e+03
2.097875603140852945e+03
2.109966938583213050e+03
2.113480966424793223e+03
2.111204100064641352e+03
2.096776234462865887e+03
2.101228989779861877e+03
2.116299465369447262e+03
2.117947786273276506e+03
2.106636965227480687e+03
2.100128287921311767e+03
2.117949395952227405e+03
2.126482902718242713e+03
2.119638789953428386e+03
2.113318885143042280e+03
2.128104696504594813e+03
2.128186148330793458e+03
2.100010122739074632e+03
2.096388449463167944e+03
2.112588891783842428e+03
2.134091875110377714e+03
2.111836655956865343e+03
2.103899277451148009e+03
2.128811961040799815e+03
2.081970960912693045e+03
2.123906883882331385e+03
2.110418411311704858e+03
2.104404511930135868e+03
2.096145007503888337e+03
2.112361083545137717e+03
2.109612763963598809e+03
2.119831964525552848e+03
2.106496377210695755e+03
2.092127564770587924e+03
2.110624244664289108e+03
2.096494643414953771e+03
2.101615194544560836e+03
2.111381294069381511e+03
2.102262946056288911e+03
2.097965779204420414e+03
2.110240706357578802e+03
2.111999688179835175e+03
2.087848078153147071e+03
2.105830703569266007e+03
2.130922284423872497e+03
2.096010572692010555e+03
2.095318877390562193e+03
2.105700540342336808e+03
2.111369190084060392e+03
2.114313522409906454e+03
2.100409631576454103e+03
2.108199831594325588e+03
2.096844384963241282e+03
2.129347733423443060e+03
2.107070956293050131e+03
2.103924197665035535e+03
2.107112070562151530e+03
2.097455892302031316e+03
2.103641640110748085e+03
2.117615417163341590e+03
2.089961604312595227e+03
2.102409057151848174e+03
2.096916702318235366e+03
2.106783202738902673e+03
2.116382341389884914e+03
2.116427049058283501e+03
2.116255688779901448e+03
2.113922023065917983e+03
2.106802367121248608e+03
2.118179097080715110e+03
2.092459265586244783e+03
2.122367198928519429e+03
2.110314099661059572e+03
2.122701963234306731e+03
2.112661241111910840e+03
2.106947143223158037e+03
2.117632756448760119e+03
2.117476420688296002e+03
2.090731896603096175e+03
2.124910436889805624e+03
2.124530037887765047e+03
2.116116982124865899e+03
2.088001769587450781e+03
2.102150651108132934e+03
2.119650886992305004e+03
2.108964920544531651e+03
2.094656834767964028e+03
2.086900262707360980e+03
2.097958634457466815e+03
2.106104117032110935e+03
2.122253634846565546e+03
2.099669062343581572e+03
2.110418171270961011e+03
2.099601328768982057e+03
2.108327724507965740e+03
2.078229921117868344e+03
2.102605310775372345e+03
2.116824287876751896e+03
2.127762874305294645e+03
2.102529382427684141e+03
2.113486412581185505e+03
2.118782794392157484e+03
2.097026330164815136e+03
2.127681282121277036e+03
2.125177948395122257e+03
2.123282870931710931e+03
2.107163239901929956e+03
2.101066012993390814e+03
2.130267879595816339e+03
2.095368717992549591e+03
2.106347334570129078e+03
2.107383690885415035e+03
2.105286895609388012e+03
2.121241852704079065e+03
2.122579846492911201e+03
2.106506988620889842e+03
2.112575717168402662e+03
2.100724082677676051e+03
2.123825201552468570e+03
2.118575256513188833e+03
2.117521245284547149e+03
2.094581717884402224e+03
2.112714276758931646e+03
2.103427892771479947e+03
2.111389090488922648e+03
2.088225512560551579e+03
2.121313626827020471e+03
2.086341897849795259e+03
2.130699785232979139e+03
2.107418034756367433e+03
2.101566720783982419e+03
2.119610147971462538e+03
2.111112630119381720e+03
2.094477001628047219e+03
2.123213968491423202e+03
2.102172345740138098e+03
2.112179373809748085e+03
2.123211343758924158e+03
2.119238348739688718e+03
2.125216198596525828e+03
2.108371139942537866e+03
2.092516823094872507e+03
2.107387814202466870e+03
2.094154280596730587e+03
2.101160621104663733e+03
2.100442200782174950e+03
2.098750816459248199e+03
2.128704678016420985e+03
2.124381328511416086e+03
2.100240787195751636e+03
2.088345217234103075e+03
2.102452946781877927e+03
2.121705453750644665e+03
2.107042117408469949e+03
2.108263563668049756e+03
2.120807183019971035e+03
2.057663532311491053e+03
2.079173492015983811e+03
2.112895014290543713e+03
2.119742088424261055e+03
2.123717428900173218e+03
2.106250490898183216e+03
2.133212622637574896e+03
2.101784272177025287e+03
2.101950687314269544e+03
2.110322265309841441e+03
2.108721995841218359e+03
2.096145696380273876e+03
2.103618016677724881e+03
2.134091875110377714e+03
2.120540655544572928e+03
2.114032126814575349e+03
2.114379504970519974e+03
2.118366262316586926e+03
2.124584894490190436e+03
2.107538520737834915e+03
2.109351764845585876e+03
2.107043296283678956e+03
2.119383035316316636e+03
2.109124840546023279e+03
2.102503793857033088e+03
2.121087575561646190e+03
2.091954124220246740e+03
2.111881416238285510e+03
2.094774713597414575e+03
2.121967588242950114e+03
2.109213201746467348e+03
2.099126227333740644e+03
2.081997496321922426e+03
2.114093743262201315e+03
2.119605298091140412e+03
2.101669002170324802e+03
2.103881434866020300e+03
2.120668636256911668e+03
2.087562359194190776e+03
2.101810876474522956e+03
2.102208185435115411e+03
2.098026318513898786e+03
2.105742528183317518e+03
2.113355730948190285e+03
2.134220878286367679e+03
2.119532376432623096e+03
2.110947799334035608e+03
2.106852205912666705e+03
2.107486278881051476e+03
2.106081543284569761e+03
2.109770655856578287e+03
2.103169513901585105e+03
2.098986650079054471e+03
2.113912541529917689e+03
2.087693689854659624e+03
2.110189031621946015e+03
2.115245181115685227e+03
2.108535223212465553e+03
2.104642392651388946e+03
2.110983479410787822e+03
2.098401860815010423e+03
2.108121302930936508e+03
2.118934802148154176e+03
2.105257619194634117e+03
2.084840493276957204e+03
2.103892009883451465e+03
2.121975569257127972e+03
2.134091875110377714e+03
2.099782015775769196e+03
2.092588481057116951e+03
2.107802621030264618e+03
2.124165193854538302e+03
2.107292349276156529e+03
2.130863164170188611e+03
2.109337193890573417e+03
2.113484909593268640e+03
2.109128580534754747e+03
2.108040057756307760e+03
2.108678568240232835e+03
2.105527722653586352e+03
2.105149339603694898e+03
2.100125787576184393e+03
2.105810730452776625e+03
2.115444343931169897e+03
2.106822703367173290e+03
2.121000298074319289e+03
2.118356022275271243e+03
2.086751131568832534e+03
2.082909841507257170e+03
2.117038027044007777e+03
2.101889294065050308e+03
2.110114549503256967e+03
2.106942972193418882e+03
2.100860965134618709e+03
2.109894318981318975e+03
2.107262583748797624e+03
2.102118641902236504e+03
2.092142172388872041e+03
2.104987434364400087e+03
2.088599799344147868e+03
2.108962311845277327e+03
2.124116474754457158e+03
2.106680296077191542e+03
2.122248199402144110e+03
2.120410297220119446e+03
2.117172660200878909e+03
2.108856870575131325e+03
2.099494278565930927e+03
2.120151191989679319e+03
2.100399720102209812e+03
2.123139815302507941e+03
2.100489179625727957e+03
2.111347265755345234e+03
2.126788286727730338e+03
2.096389227300952825e+03
2.101498072162305562e+03
2.096723363299197899e+03
2.112563878562837999e+03
2.110775309795015346e+03
2.112164093093022530e+03
2.097885145369120437e+03
2.126272747647500182e+03
2.116927487075836325e+03
2.083832038499768714e+03
2.081993795556908481e+03
2.117959179366692752e+03
2.111236504375486675e+03
2.101113364706453922e+03
2.127864742822387143e+03
2.110994425125288672e+03
2.116621655861185900e+03
2.097309441326163778e+03
2.113523945218043082e+03
2.121842893754763281e+03
2.094503096602335972e+03
2.108235764366224885e+03
2.106428902477926385e+03
2.110971969300732326e+03
2.129685905135293979e+03
2.106722749891232070e+03
2.120629320712885146e+03
2.105457594094651085e+03
2.099058129417900545e+03
2.058029136455196294e+03
2.114106036258416680e+03
2.126248809324217291e+03
2.097663990243536773e+03
2.106542015023243039e+03
2.087898602750677583e+03
2.108685701783076638e+03
2.116333788601242759e+03
2.118166911595264992e+03
2.113454471795054360e+03
2.114745904514888480e+03
2.104611933178424351e+03
2.111351223110629689e+03
2.127147430665933371e+03
2.114586507169676224e+03
2.089229748092118825e+03
2.111028131642358858e+03
2.134091875110377714e+03
2.109494156884770291e+03
2.118143165994986703e+03
2.108516394585014950e+03
2.096132553767549325e+03
2.119631054436331397e+03
2.106184485199140909e+03
2.122731545907428426e+03
2.123997241879558260e+03
2.124603244182814706e+03
2.102125770342709984e+03
2.118742676092284000e+03
2.112153896303469537e+03
2.110259139527378011e+03
2.097375181294745289e+03
2.117979693707739443e+03
2.116587558206654194e+03
2.109877030021950759e+03
2.100201362165596493e+03
2.106757168064240432e+03
2.106506150260639515e+03
2.103876396955282416e+03
2.112944793272377410e+03
2.093822701697991761e+03
2.113780396380968341e+03
2.100036972766008148e+03
2.111214353916276195e+03
2.120101011867290708e+03
2.106599414972237355e+03
2.091954650123444935e+03
2.120978120723651500e+03
2.111204813811724307e+03
2.118868028645410050e+03
2.089657204369471856e+03
2.123536048045590633e+03
2.082293389286409365e+03
2.119628450865290688e+03
2.102454837429854251e+03
2.112655925169256989e+03
2.092719557068983704e+03
2.103424530415097706e+03
2.103222658274382411e+03
2.102478932089579757e+03
2.118338948089335190e+03
2.113378447378218425e+03
2.112858204959669820e+03
2.103471876507342586e+03
2.100243621615643860e+03
2.128280196940058431e+03
2.115577095263682168e+03
2.113483630348990573e+03
