6.861111111111110883e-02
5.527777777777777984e-02
5.944444444444444559e-02
8.416666666666666741e-02
3.833333333333333037e-02
3.666666666666666685e-02
5.111111111111111410e-02
4.361111111111111438e-02
5.500000000000000028e-02
3.777777777777777818e-02
3.722222222222221905e-02
6.138888888888888867e-02
5.333333333333333676e-02
3.916666666666666907e-02
5.777777777777777513e-02
8.027777777777778123e-02
5.249999999999999806e-02
6.277777777777777957e-02
5.722222222222222293e-02
5.361111111111110938e-02
6.916666666666666796e-02
7.861111111111111771e-02
4.416666666666666657e-02
5.555555555555555247e-02
5.166666666666666630e-02
6.888888888888888840e-02
7.916666666666666297e-02
6.638888888888888618e-02
7.194444444444444975e-02
4.611111111111110966e-02
4.972222222222222321e-02
3.833333333333333037e-02
4.305555555555555525e-02
4.833333333333333232e-02
6.138888888888888867e-02
4.888888888888889145e-02
6.805555555555554970e-02
5.472222222222222071e-02
4.194444444444444392e-02
5.444444444444444114e-02
4.833333333333333232e-02
5.999999999999999778e-02
4.555555555555555747e-02
7.694444444444444031e-02
5.138888888888888673e-02
5.166666666666666630e-02
4.777777777777778012e-02
8.638888888888889006e-02
5.249999999999999806e-02
6.416666666666666352e-02
5.611111111111111160e-02
5.166666666666666630e-02
6.111111111111110911e-02
5.472222222222222071e-02
6.305555555555555913e-02
6.888888888888888840e-02
7.000000000000000666e-02
6.305555555555555913e-02
4.611111111111110966e-02
5.472222222222222071e-02
3.972222222222222127e-02
4.416666666666666657e-02
3.555555555555555552e-02
3.416666666666666463e-02
6.305555555555555913e-02
4.666666666666666879e-02
3.611111111111110772e-02
5.888888888888888645e-02
7.305555555555555414e-02
3.833333333333333037e-02
7.194444444444444975e-02
6.027777777777777735e-02
4.916666666666666408e-02
7.277777777777777457e-02
5.388888888888888895e-02
4.361111111111111438e-02
7.611111111111111549e-02
6.138888888888888867e-02
4.888888888888889145e-02
5.777777777777777513e-02
5.472222222222222071e-02
6.111111111111110911e-02
4.027777777777778040e-02
5.861111111111111382e-02
6.833333333333332926e-02
5.472222222222222071e-02
4.888888888888889145e-02
6.500000000000000222e-02
4.166666666666666435e-02
5.277777777777777762e-02
6.611111111111110661e-02
6.222222222222222043e-02
5.444444444444444114e-02
5.750000000000000250e-02
5.638888888888889117e-02
6.055555555555555691e-02
4.750000000000000056e-02
4.083333333333333259e-02
3.694444444444444642e-02
3.666666666666666685e-02
5.583333333333333204e-02
7.055555555555555192e-02
5.805555555555555469e-02
7.749999999999999944e-02
4.888888888888889145e-02
5.277777777777777762e-02
6.138888888888888867e-02
5.222222222222222543e-02
5.416666666666666852e-02
8.888888888888889228e-02
4.333333333333333481e-02
5.388888888888888895e-02
7.277777777777777457e-02
5.722222222222222293e-02
5.972222222222222515e-02
7.083333333333333148e-02
3.111111111111111022e-02
5.388888888888888895e-02
5.722222222222222293e-02
6.277777777777777957e-02
4.750000000000000056e-02
4.583333333333333010e-02
6.333333333333333870e-02
4.305555555555555525e-02
4.694444444444444142e-02
6.694444444444444531e-02
4.777777777777778012e-02
5.361111111111110938e-02
6.444444444444444309e-02
4.194444444444444392e-02
5.638888888888889117e-02
5.166666666666666630e-02
5.888888888888888645e-02
5.305555555555555719e-02
4.777777777777778012e-02
3.749999999999999861e-02
6.638888888888888618e-02
6.444444444444444309e-02
5.555555555555555247e-02
5.388888888888888895e-02
6.638888888888888618e-02
5.000000000000000278e-02
4.361111111111111438e-02
5.249999999999999806e-02
6.444444444444444309e-02
5.972222222222222515e-02
4.944444444444444364e-02
4.777777777777778012e-02
6.361111111111110439e-02
4.583333333333333010e-02
6.638888888888888618e-02
6.055555555555555691e-02
6.416666666666666352e-02
6.555555555555556135e-02
6.638888888888888618e-02
5.527777777777777984e-02
6.472222222222222265e-02
6.027777777777777735e-02
5.166666666666666630e-02
7.333333333333333370e-02
4.333333333333333481e-02
5.333333333333333676e-02
4.750000000000000056e-02
7.083333333333333148e-02
4.250000000000000305e-02
5.833333333333333426e-02
5.805555555555555469e-02
6.861111111111110883e-02
4.444444444444444614e-02
5.111111111111111410e-02
5.083333333333333454e-02
7.722222222222221988e-02
4.722222222222222099e-02
7.138888888888889062e-02
5.916666666666666602e-02
6.861111111111110883e-02
5.277777777777777762e-02
6.250000000000000000e-02
6.138888888888888867e-02
6.222222222222222043e-02
5.972222222222222515e-02
6.083333333333333648e-02
5.472222222222222071e-02
4.888888888888889145e-02
4.583333333333333010e-02
4.499999999999999833e-02
7.527777777777777679e-02
6.250000000000000000e-02
4.805555555555555275e-02
6.472222222222222265e-02
5.999999999999999778e-02
5.861111111111111382e-02
4.250000000000000305e-02
6.777777777777778401e-02
5.083333333333333454e-02
5.500000000000000028e-02
4.499999999999999833e-02
5.944444444444444559e-02
6.500000000000000222e-02
6.111111111111110911e-02
7.000000000000000666e-02
5.500000000000000028e-02
4.055555555555555303e-02
4.888888888888889145e-02
3.805555555555555775e-02
6.777777777777778401e-02
7.194444444444444975e-02
6.583333333333332704e-02
4.416666666666666657e-02
4.666666666666666879e-02
6.055555555555555691e-02
4.388888888888888701e-02
5.416666666666666852e-02
5.194444444444444586e-02
5.583333333333333204e-02
4.833333333333333232e-02
4.472222222222221877e-02
5.277777777777777762e-02
3.722222222222221905e-02
6.583333333333332704e-02
5.388888888888888895e-02
7.083333333333333148e-02
5.611111111111111160e-02
5.166666666666666630e-02
6.500000000000000222e-02
6.305555555555555913e-02
5.083333333333333454e-02
6.527777777777778179e-02
6.222222222222222043e-02
4.472222222222221877e-02
5.333333333333333676e-02
5.249999999999999806e-02
4.250000000000000305e-02
4.777777777777778012e-02
5.083333333333333454e-02
3.749999999999999861e-02
5.694444444444444337e-02
4.555555555555555747e-02
4.277777777777777568e-02
5.111111111111111410e-02
5.500000000000000028e-02
7.083333333333333148e-02
4.972222222222222321e-02
6.277777777777777957e-02
4.805555555555555275e-02
4.972222222222222321e-02
7.416666666666667240e-02
4.972222222222222321e-02
6.388888888888888395e-02
4.194444444444444392e-02
6.333333333333333870e-02
5.666666666666666380e-02
5.472222222222222071e-02
4.333333333333333481e-02
6.972222222222222709e-02
4.666666666666666879e-02
6.194444444444444781e-02
4.694444444444444142e-02
6.722222222222222487e-02
6.138888888888888867e-02
5.277777777777777762e-02
6.277777777777777957e-02
6.611111111111110661e-02
4.583333333333333010e-02
5.888888888888888645e-02
6.833333333333332926e-02
4.777777777777778012e-02
8.083333333333332649e-02
7.166666666666667018e-02
4.444444444444444614e-02
6.194444444444444781e-02
5.611111111111111160e-02
5.222222222222222543e-02
3.250000000000000111e-02
7.694444444444444031e-02
6.222222222222222043e-02
5.750000000000000250e-02
8.027777777777778123e-02
6.138888888888888867e-02
4.277777777777777568e-02
5.861111111111111382e-02
5.333333333333333676e-02
4.472222222222221877e-02
4.222222222222222349e-02
5.416666666666666852e-02
4.722222222222222099e-02
7.722222222222221988e-02
5.972222222222222515e-02
5.833333333333333426e-02
3.777777777777777818e-02
6.277777777777777957e-02
4.555555555555555747e-02
4.611111111111110966e-02
5.972222222222222515e-02
4.722222222222222099e-02
5.694444444444444337e-02
6.972222222222222709e-02
5.027777777777777540e-02
5.833333333333333426e-02
4.666666666666666879e-02
5.500000000000000028e-02
5.583333333333333204e-02
4.416666666666666657e-02
6.444444444444444309e-02
6.722222222222222487e-02
6.361111111111110439e-02
7.361111111111111327e-02
5.138888888888888673e-02
5.138888888888888673e-02
5.083333333333333454e-02
6.194444444444444781e-02
4.555555555555555747e-02
4.250000000000000305e-02
5.000000000000000278e-02
6.138888888888888867e-02
5.277777777777777762e-02
5.416666666666666852e-02
6.083333333333333648e-02
6.638888888888888618e-02
6.083333333333333648e-02
4.972222222222222321e-02
6.416666666666666352e-02
6.805555555555554970e-02
4.777777777777778012e-02
7.777777777777777901e-02
4.166666666666666435e-02
5.750000000000000250e-02
6.555555555555556135e-02
8.805555555555555358e-02
5.444444444444444114e-02
3.777777777777777818e-02
3.805555555555555775e-02
5.999999999999999778e-02
5.027777777777777540e-02
4.499999999999999833e-02
5.027777777777777540e-02
6.333333333333333870e-02
4.638888888888888923e-02
5.861111111111111382e-02
4.527777777777777790e-02
4.611111111111110966e-02
4.583333333333333010e-02
4.722222222222222099e-02
6.555555555555556135e-02
6.500000000000000222e-02
5.222222222222222543e-02
4.972222222222222321e-02
6.611111111111110661e-02
4.972222222222222321e-02
6.833333333333332926e-02
5.444444444444444114e-02
5.388888888888888895e-02
4.305555555555555525e-02
6.555555555555556135e-02
4.944444444444444364e-02
6.277777777777777957e-02
8.555555555555555136e-02
4.194444444444444392e-02
4.611111111111110966e-02
4.861111111111111188e-02
4.722222222222222099e-02
3.166666666666666935e-02
5.249999999999999806e-02
7.055555555555555192e-02
6.055555555555555691e-02
4.916666666666666408e-02
6.055555555555555691e-02
5.694444444444444337e-02
5.527777777777777984e-02
4.166666666666666435e-02
3.638888888888888729e-02
4.888888888888889145e-02
5.305555555555555719e-02
5.861111111111111382e-02
6.222222222222222043e-02
5.861111111111111382e-02
4.416666666666666657e-02
6.333333333333333870e-02
5.472222222222222071e-02
4.722222222222222099e-02
5.416666666666666852e-02
7.000000000000000666e-02
5.249999999999999806e-02
4.611111111111110966e-02
5.027777777777777540e-02
6.194444444444444781e-02
6.194444444444444781e-02
5.638888888888889117e-02
5.694444444444444337e-02
4.333333333333333481e-02
5.972222222222222515e-02
6.027777777777777735e-02
4.361111111111111438e-02
7.222222222222221544e-02
7.888888888888888340e-02
5.472222222222222071e-02
9.305555555555555802e-02
3.916666666666666907e-02
6.138888888888888867e-02
4.055555555555555303e-02
6.638888888888888618e-02
5.999999999999999778e-02
4.638888888888888923e-02
5.833333333333333426e-02
5.805555555555555469e-02
5.472222222222222071e-02
6.694444444444444531e-02
5.722222222222222293e-02
5.305555555555555719e-02
4.194444444444444392e-02
4.777777777777778012e-02
8.000000000000000167e-02
6.166666666666666824e-02
6.555555555555556135e-02
6.027777777777777735e-02
5.694444444444444337e-02
5.416666666666666852e-02
5.111111111111111410e-02
6.833333333333332926e-02
6.055555555555555691e-02
5.305555555555555719e-02
6.583333333333332704e-02
4.555555555555555747e-02
5.583333333333333204e-02
5.027777777777777540e-02
5.111111111111111410e-02
7.055555555555555192e-02
5.805555555555555469e-02
6.138888888888888867e-02
6.416666666666666352e-02
6.750000000000000444e-02
5.527777777777777984e-02
4.333333333333333481e-02
6.916666666666666796e-02
7.444444444444443809e-02
5.805555555555555469e-02
5.249999999999999806e-02
7.055555555555555192e-02
6.472222222222222265e-02
7.361111111111111327e-02
5.111111111111111410e-02
5.055555555555555497e-02
4.777777777777778012e-02
6.083333333333333648e-02
4.416666666666666657e-02
5.805555555555555469e-02
4.888888888888889145e-02
4.499999999999999833e-02
5.111111111111111410e-02
5.111111111111111410e-02
6.638888888888888618e-02
4.805555555555555275e-02
7.277777777777777457e-02
7.361111111111111327e-02
5.944444444444444559e-02
5.361111111111110938e-02
7.777777777777777901e-02
7.138888888888889062e-02
5.750000000000000250e-02
4.499999999999999833e-02
4.972222222222222321e-02
6.555555555555556135e-02
7.138888888888889062e-02
4.194444444444444392e-02
4.777777777777778012e-02
8.166666666666666519e-02
3.916666666666666907e-02
5.777777777777777513e-02
8.888888888888889228e-02
5.166666666666666630e-02
6.416666666666666352e-02
6.611111111111110661e-02
4.194444444444444392e-02
6.083333333333333648e-02
5.305555555555555719e-02
6.833333333333332926e-02
4.611111111111110966e-02
6.694444444444444531e-02
3.805555555555555775e-02
7.833333333333333814e-02
7.805555555555555858e-02
5.166666666666666630e-02
5.527777777777777984e-02
6.083333333333333648e-02
5.277777777777777762e-02
5.611111111111111160e-02
4.972222222222222321e-02
4.333333333333333481e-02
3.833333333333333037e-02
5.750000000000000250e-02
5.638888888888889117e-02
7.527777777777777679e-02
5.611111111111111160e-02
4.916666666666666408e-02
3.666666666666666685e-02
5.972222222222222515e-02
6.055555555555555691e-02
6.361111111111110439e-02
5.388888888888888895e-02
7.472222222222221766e-02
6.861111111111110883e-02
6.166666666666666824e-02
4.416666666666666657e-02
3.749999999999999861e-02
5.527777777777777984e-02
6.166666666666666824e-02
6.555555555555556135e-02
5.694444444444444337e-02
3.250000000000000111e-02
5.999999999999999778e-02
7.138888888888889062e-02
8.194444444444444475e-02
6.111111111111110911e-02
6.916666666666666796e-02
5.722222222222222293e-02
5.249999999999999806e-02
4.861111111111111188e-02
6.750000000000000444e-02
5.138888888888888673e-02
8.111111111111110605e-02
7.527777777777777679e-02
5.888888888888888645e-02
6.833333333333332926e-02
4.250000000000000305e-02
5.249999999999999806e-02
6.694444444444444531e-02
7.055555555555555192e-02
4.722222222222222099e-02
4.944444444444444364e-02
5.833333333333333426e-02
5.722222222222222293e-02
7.249999999999999500e-02
5.249999999999999806e-02
7.194444444444444975e-02
7.305555555555555414e-02
5.805555555555555469e-02
6.361111111111110439e-02
6.055555555555555691e-02
4.916666666666666408e-02
5.833333333333333426e-02
8.388888888888888784e-02
6.638888888888888618e-02
5.277777777777777762e-02
5.222222222222222543e-02
5.416666666666666852e-02
7.138888888888889062e-02
5.916666666666666602e-02
7.527777777777777679e-02
7.222222222222221544e-02
5.777777777777777513e-02
8.722222222222222876e-02
4.305555555555555525e-02
5.805555555555555469e-02
4.944444444444444364e-02
3.805555555555555775e-02
6.750000000000000444e-02
6.972222222222222709e-02
6.416666666666666352e-02
4.805555555555555275e-02
5.472222222222222071e-02
6.222222222222222043e-02
4.527777777777777790e-02
4.499999999999999833e-02
4.555555555555555747e-02
6.222222222222222043e-02
6.416666666666666352e-02
6.138888888888888867e-02
6.055555555555555691e-02
4.222222222222222349e-02
5.083333333333333454e-02
5.444444444444444114e-02
3.916666666666666907e-02
5.000000000000000278e-02
5.583333333333333204e-02
6.444444444444444309e-02
5.166666666666666630e-02
5.527777777777777984e-02
5.555555555555555247e-02
5.305555555555555719e-02
4.416666666666666657e-02
6.500000000000000222e-02
5.111111111111111410e-02
4.944444444444444364e-02
4.888888888888889145e-02
6.166666666666666824e-02
6.222222222222222043e-02
5.277777777777777762e-02
6.305555555555555913e-02
4.527777777777777790e-02
4.888888888888889145e-02
3.638888888888888729e-02
6.638888888888888618e-02
4.388888888888888701e-02
4.750000000000000056e-02
6.861111111111110883e-02
5.388888888888888895e-02
4.861111111111111188e-02
6.305555555555555913e-02
5.583333333333333204e-02
6.638888888888888618e-02
4.944444444444444364e-02
3.444444444444444420e-02
6.527777777777778179e-02
5.361111111111110938e-02
7.194444444444444975e-02
6.777777777777778401e-02
7.277777777777777457e-02
5.249999999999999806e-02
5.111111111111111410e-02
5.305555555555555719e-02
6.972222222222222709e-02
6.638888888888888618e-02
8.277777777777778345e-02
7.555555555555555636e-02
4.916666666666666408e-02
1.019444444444444486e-01
6.277777777777777957e-02
4.611111111111110966e-02
5.416666666666666852e-02
6.333333333333333870e-02
4.305555555555555525e-02
4.944444444444444364e-02
5.166666666666666630e-02
6.972222222222222709e-02
7.194444444444444975e-02
4.250000000000000305e-02
7.638888888888889506e-02
5.861111111111111382e-02
4.777777777777778012e-02
5.277777777777777762e-02
4.750000000000000056e-02
6.305555555555555913e-02
5.138888888888888673e-02
6.833333333333332926e-02
6.944444444444444753e-02
5.388888888888888895e-02
4.805555555555555275e-02
5.444444444444444114e-02
6.583333333333332704e-02
7.111111111111111105e-02
4.972222222222222321e-02
4.694444444444444142e-02
6.083333333333333648e-02
6.666666666666666574e-02
4.333333333333333481e-02
4.027777777777778040e-02
4.472222222222221877e-02
5.361111111111110938e-02
4.388888888888888701e-02
3.888888888888888951e-02
6.333333333333333870e-02
7.055555555555555192e-02
5.388888888888888895e-02
3.250000000000000111e-02
5.027777777777777540e-02
6.277777777777777957e-02
3.638888888888888729e-02
7.722222222222221988e-02
4.250000000000000305e-02
5.694444444444444337e-02
5.972222222222222515e-02
6.805555555555554970e-02
5.305555555555555719e-02
5.444444444444444114e-02
5.000000000000000278e-02
6.416666666666666352e-02
6.555555555555556135e-02
5.611111111111111160e-02
6.722222222222222487e-02
6.444444444444444309e-02
5.500000000000000028e-02
6.083333333333333648e-02
7.111111111111111105e-02
5.222222222222222543e-02
5.277777777777777762e-02
8.083333333333332649e-02
6.444444444444444309e-02
4.138888888888889173e-02
6.916666666666666796e-02
6.916666666666666796e-02
5.833333333333333426e-02
5.444444444444444114e-02
5.333333333333333676e-02
6.500000000000000222e-02
5.611111111111111160e-02
6.888888888888888840e-02
4.305555555555555525e-02
5.833333333333333426e-02
6.083333333333333648e-02
5.722222222222222293e-02
6.750000000000000444e-02
6.055555555555555691e-02
5.000000000000000278e-02
7.305555555555555414e-02
6.416666666666666352e-02
6.361111111111110439e-02
5.972222222222222515e-02
5.527777777777777984e-02
5.416666666666666852e-02
4.861111111111111188e-02
5.277777777777777762e-02
5.333333333333333676e-02
4.833333333333333232e-02
7.638888888888889506e-02
4.250000000000000305e-02
5.583333333333333204e-02
4.416666666666666657e-02
5.083333333333333454e-02
5.972222222222222515e-02
4.722222222222222099e-02
4.777777777777778012e-02
8.027777777777778123e-02
4.277777777777777568e-02
4.388888888888888701e-02
4.861111111111111188e-02
7.555555555555555636e-02
5.999999999999999778e-02
4.416666666666666657e-02
5.805555555555555469e-02
7.555555555555555636e-02
7.972222222222222210e-02
6.638888888888888618e-02
5.666666666666666380e-02
4.444444444444444614e-02
6.638888888888888618e-02
5.361111111111110938e-02
6.694444444444444531e-02
5.527777777777777984e-02
8.999999999999999667e-02
6.500000000000000222e-02
4.916666666666666408e-02
4.111111111111111216e-02
6.166666666666666824e-02
5.444444444444444114e-02
5.027777777777777540e-02
6.777777777777778401e-02
3.944444444444444170e-02
4.388888888888888701e-02
4.250000000000000305e-02
6.111111111111110911e-02
6.166666666666666824e-02
3.777777777777777818e-02
7.000000000000000666e-02
5.500000000000000028e-02
5.750000000000000250e-02
5.916666666666666602e-02
4.361111111111111438e-02
4.527777777777777790e-02
5.833333333333333426e-02
5.944444444444444559e-02
6.361111111111110439e-02
4.333333333333333481e-02
4.833333333333333232e-02
5.111111111111111410e-02
7.111111111111111105e-02
5.388888888888888895e-02
6.194444444444444781e-02
5.472222222222222071e-02
7.722222222222221988e-02
4.583333333333333010e-02
7.499999999999999722e-02
4.027777777777778040e-02
5.444444444444444114e-02
6.638888888888888618e-02
4.777777777777778012e-02
5.611111111111111160e-02
6.888888888888888840e-02
4.250000000000000305e-02
6.083333333333333648e-02
5.305555555555555719e-02
4.222222222222222349e-02
4.722222222222222099e-02
4.194444444444444392e-02
5.777777777777777513e-02
7.666666666666666075e-02
5.333333333333333676e-02
7.166666666666667018e-02
6.361111111111110439e-02
6.194444444444444781e-02
6.388888888888888395e-02
3.749999999999999861e-02
4.055555555555555303e-02
6.666666666666666574e-02
7.722222222222221988e-02
6.083333333333333648e-02
4.833333333333333232e-02
5.999999999999999778e-02
5.777777777777777513e-02
4.194444444444444392e-02
1.038888888888888917e-01
8.611111111111111049e-02
5.305555555555555719e-02
5.000000000000000278e-02
4.277777777777777568e-02
5.805555555555555469e-02
3.861111111111110994e-02
7.055555555555555192e-02
6.138888888888888867e-02
5.444444444444444114e-02
5.805555555555555469e-02
6.361111111111110439e-02
5.999999999999999778e-02
3.250000000000000111e-02
4.750000000000000056e-02
5.527777777777777984e-02
5.111111111111111410e-02
4.388888888888888701e-02
4.666666666666666879e-02
5.388888888888888895e-02
5.722222222222222293e-02
6.166666666666666824e-02
5.611111111111111160e-02
5.361111111111110938e-02
6.222222222222222043e-02
4.361111111111111438e-02
7.194444444444444975e-02
5.194444444444444586e-02
6.611111111111110661e-02
4.833333333333333232e-02
5.611111111111111160e-02
5.999999999999999778e-02
7.722222222222221988e-02
5.555555555555555247e-02
4.333333333333333481e-02
6.277777777777777957e-02
6.083333333333333648e-02
4.638888888888888923e-02
7.472222222222221766e-02
6.500000000000000222e-02
6.166666666666666824e-02
6.305555555555555913e-02
5.750000000000000250e-02
5.444444444444444114e-02
4.055555555555555303e-02
4.861111111111111188e-02
5.472222222222222071e-02
5.500000000000000028e-02
6.055555555555555691e-02
5.722222222222222293e-02
5.805555555555555469e-02
6.694444444444444531e-02
6.416666666666666352e-02
5.416666666666666852e-02
7.666666666666666075e-02
5.611111111111111160e-02
4.722222222222222099e-02
5.777777777777777513e-02
5.750000000000000250e-02
5.361111111111110938e-02
6.833333333333332926e-02
6.166666666666666824e-02
4.388888888888888701e-02
5.777777777777777513e-02
8.083333333333332649e-02
5.999999999999999778e-02
4.444444444444444614e-02
3.250000000000000111e-02
6.027777777777777735e-02
7.222222222222221544e-02
5.916666666666666602e-02
4.083333333333333259e-02
5.444444444444444114e-02
4.250000000000000305e-02
5.861111111111111382e-02
5.166666666666666630e-02
5.555555555555555247e-02
6.138888888888888867e-02
5.611111111111111160e-02
5.833333333333333426e-02
5.916666666666666602e-02
6.388888888888888395e-02
5.777777777777777513e-02
5.166666666666666630e-02
5.972222222222222515e-02
4.611111111111110966e-02
4.972222222222222321e-02
7.444444444444443809e-02
7.861111111111111771e-02
4.861111111111111188e-02
6.222222222222222043e-02
5.222222222222222543e-02
5.999999999999999778e-02
6.722222222222222487e-02
5.500000000000000028e-02
5.833333333333333426e-02
6.472222222222222265e-02
7.527777777777777679e-02
5.999999999999999778e-02
7.333333333333333370e-02
5.416666666666666852e-02
4.277777777777777568e-02
5.944444444444444559e-02
4.305555555555555525e-02
4.472222222222221877e-02
4.638888888888888923e-02
5.500000000000000028e-02
6.555555555555556135e-02
4.444444444444444614e-02
6.138888888888888867e-02
4.444444444444444614e-02
6.111111111111110911e-02
5.388888888888888895e-02
4.083333333333333259e-02
6.861111111111110883e-02
6.416666666666666352e-02
6.722222222222222487e-02
5.666666666666666380e-02
5.500000000000000028e-02
5.388888888888888895e-02
6.555555555555556135e-02
4.083333333333333259e-02
4.777777777777778012e-02
8.083333333333332649e-02
7.888888888888888340e-02
5.000000000000000278e-02
5.861111111111111382e-02
6.694444444444444531e-02
4.250000000000000305e-02
5.805555555555555469e-02
4.916666666666666408e-02
6.750000000000000444e-02
5.305555555555555719e-02
4.388888888888888701e-02
6.972222222222222709e-02
6.388888888888888395e-02
5.805555555555555469e-02
5.527777777777777984e-02
3.749999999999999861e-02
6.055555555555555691e-02
4.416666666666666657e-02
5.805555555555555469e-02
6.416666666666666352e-02
1.063888888888888939e-01
5.000000000000000278e-02
4.111111111111111216e-02
7.055555555555555192e-02
6.027777777777777735e-02
7.749999999999999944e-02
5.972222222222222515e-02
5.111111111111111410e-02
4.805555555555555275e-02
5.500000000000000028e-02
5.249999999999999806e-02
6.083333333333333648e-02
5.500000000000000028e-02
3.694444444444444642e-02
5.277777777777777762e-02
7.527777777777777679e-02
5.444444444444444114e-02
3.250000000000000111e-02
5.638888888888889117e-02
4.777777777777778012e-02
5.611111111111111160e-02
6.722222222222222487e-02
4.499999999999999833e-02
5.805555555555555469e-02
4.333333333333333481e-02
4.277777777777777568e-02
4.250000000000000305e-02
6.111111111111110911e-02
4.611111111111110966e-02
5.388888888888888895e-02
5.222222222222222543e-02
6.972222222222222709e-02
4.638888888888888923e-02
4.722222222222222099e-02
5.666666666666666380e-02
6.250000000000000000e-02
5.888888888888888645e-02
5.861111111111111382e-02
6.305555555555555913e-02
5.416666666666666852e-02
6.555555555555556135e-02
5.194444444444444586e-02
6.500000000000000222e-02
5.583333333333333204e-02
5.166666666666666630e-02
5.805555555555555469e-02
7.083333333333333148e-02
4.694444444444444142e-02
5.583333333333333204e-02
4.694444444444444142e-02
7.333333333333333370e-02
4.277777777777777568e-02
8.222222222222222432e-02
4.944444444444444364e-02
5.916666666666666602e-02
5.361111111111110938e-02
6.750000000000000444e-02
6.194444444444444781e-02
6.333333333333333870e-02
7.277777777777777457e-02
4.499999999999999833e-02
5.500000000000000028e-02
5.444444444444444114e-02
6.083333333333333648e-02
6.750000000000000444e-02
3.861111111111110994e-02
5.305555555555555719e-02
5.194444444444444586e-02
