1.118895038692454946e+01
1.083488188542655095e+01
1.191635427283831916e+01
1.151156739452493483e+01
1.090030918762728440e+01
1.259364787083613457e+01
1.107463599414779765e+01
1.128750350718171624e+01
1.142500781861990689e+01
1.088040528156463260e+01
1.109038320484093276e+01
1.126541194196328455e+01
1.163996137098763661e+01
1.232107039836302320e+01
1.179907865948619161e+01
1.178643554740199484e+01
1.089738831831275689e+01
1.352746593511806772e+01
1.172502919509509312e+01
1.156268764103486291e+01
1.173956542971630590e+01
1.179549499269774060e+01
1.112554682486723401e+01
1.121063013526559615e+01
1.182999865122943284e+01
1.145945775373174591e+01
1.202204910386234893e+01
1.194968380664908558e+01
1.133626185998411273e+01
1.100850074390097433e+01
1.122823402344020671e+01
1.090732176684413623e+01
1.113495514327543745e+01
1.145095917258506546e+01
1.102396824502619666e+01
1.191556162287300680e+01
1.196850318687430281e+01
1.182800164405305132e+01
1.129712524690667230e+01
1.115899509917168331e+01
1.115929592604388887e+01
1.100474901476980349e+01
1.160582744795921073e+01
1.124479668428856449e+01
1.174084672849954281e+01
1.166291658983883650e+01
1.183005837084398415e+01
1.125972099481045241e+01
1.159236943019659805e+01
1.167621508157619914e+01
1.007824782319892343e+01
1.110152401655675369e+01
1.210493824550728981e+01
1.172732061364898648e+01
1.336743865421508914e+01
1.099401658385255764e+01
1.178848765654158193e+01
1.114514370563259149e+01
1.175011519837882368e+01
1.222288680926913962e+01
1.083069062062126697e+01
1.097371228637692830e+01
1.113007685401724345e+01
1.110596593730047488e+01
1.350192730261944796e+01
1.136352910206000111e+01
1.132707079731392596e+01
1.190149259011893257e+01
1.227691497493834305e+01
1.116974792693196683e+01
1.231076249710505799e+01
1.141779539001096211e+01
1.125323886801236739e+01
1.195396920144957065e+01
1.086295526377798559e+01
1.126912468175060944e+01
1.192395791313498066e+01
1.158260715099186555e+01
1.145090887283168080e+01
1.154492694178818191e+01
1.188243472507327780e+01
1.196843726673779607e+01
1.179235086380221453e+01
1.188937813485017614e+01
1.170226246856711327e+01
1.099958213151332131e+01
1.116060784560392172e+01
1.206354053009318150e+01
1.133231211201793265e+01
1.111736485515561768e+01
1.135344366570788743e+01
1.122144493262753251e+01
1.128150329516269146e+01
1.086626143101405262e+01
1.203591718568206126e+01
1.112196366256303115e+01
1.136888972326048730e+01
1.157205920313885805e+01
1.106586670293419772e+01
1.101420551066774145e+01
1.202222477836629189e+01
1.152468686782761864e+01
1.164482293804940483e+01
1.148186019305377492e+01
1.150967516302095106e+01
1.090841443965804736e+01
1.195921013475132533e+01
1.141045506668205611e+01
1.134020921372962754e+01
1.182066652613223745e+01
1.125448998232658049e+01
1.164122467616778600e+01
1.202314521045142115e+01
1.185928253686605061e+01
1.134458451050699246e+01
1.130268469582096813e+01
1.313110810176007348e+01
1.151805002871272166e+01
1.156485259592849424e+01
1.189122608407713422e+01
1.131272544481849174e+01
1.131864060524273441e+01
1.165365881444584950e+01
1.151821323109174955e+01
1.160882995883162394e+01
1.198815517726133173e+01
1.125881686774158297e+01
1.150271859322457857e+01
1.140922325846648633e+01
1.137804060536318218e+01
1.160453161024977931e+01
1.160309496788189598e+01
1.156869838188726440e+01
1.061575502769965951e+01
1.103417731021160186e+01
1.105550976143841346e+01
1.202992125060550599e+01
1.164286376799487499e+01
1.152166778972953587e+01
1.130795575174584400e+01
1.203626645097711290e+01
1.178270289222090028e+01
1.095997506145960365e+01
1.156723581442000359e+01
1.147679717022597679e+01
1.150930499081852076e+01
1.144905101371723966e+01
1.126966765184741348e+01
1.117819498723708982e+01
1.135609158225822846e+01
1.066231486984659149e+01
1.141979499426456712e+01
1.152263742351328979e+01
1.137165250236730429e+01
1.202055748229221166e+01
1.133127972827638352e+01
1.185165966244784563e+01
1.131233140733126952e+01
1.184030838969175825e+01
1.200074545464847375e+01
1.114415526337780094e+01
1.154698141655526911e+01
1.251561441103385164e+01
1.126300800309712002e+01
1.126382646953691236e+01
1.175156029293732729e+01
1.156008268456946908e+01
1.163943025288770627e+01
1.109643233707306464e+01
1.173287479392862664e+01
1.165157934812576812e+01
1.206219996698162689e+01
1.161961019517665861e+01
1.157199683952827307e+01
1.137468635994759225e+01
1.181167021154113961e+01
1.156820227680915991e+01
1.129116447888650221e+01
1.336992959306737916e+01
1.217194433078088522e+01
1.143552960288262454e+01
1.161718539839308661e+01
1.135132130249929006e+01
1.129499982065911823e+01
1.151262229291656602e+01
1.089382154586122553e+01
1.166179776384074174e+01
1.118326029483835526e+01
1.097848207390118702e+01
1.159908571128611676e+01
1.122077107076066582e+01
1.181078688036360269e+01
1.117081463341030201e+01
1.125740974116423310e+01
1.113745558104196220e+01
1.073743664577482448e+01
1.093394192304595869e+01
1.191099532417308104e+01
1.196775067592695940e+01
1.211139682965269770e+01
1.152398210013192781e+01
1.141166047913188031e+01
1.168308316403045843e+01
1.143871230823310547e+01
1.095332011907051672e+01
1.178416285890121706e+01
1.130358868653517845e+01
1.203552330912782331e+01
1.110261847727373841e+01
1.301783186953242044e+01
1.214869724576519872e+01
1.096253386420590559e+01
1.127407702263553091e+01
1.192394430328083388e+01
1.194582272159259162e+01
1.118044263083889511e+01
1.108061875741780611e+01
1.170132243094276348e+01
1.114833447901008867e+01
1.229791422897104347e+01
1.223896591472239948e+01
1.155425148056649221e+01
1.131654318477199439e+01
1.161453037694785451e+01
1.190228861588296816e+01
1.196123994024703840e+01
1.087952423351180897e+01
1.152035604262957591e+01
1.116975797798652259e+01
1.082841937096601015e+01
1.179345336477518735e+01
1.180442582078171299e+01
1.121443175761072020e+01
1.167156883713911597e+01
1.121085520376056976e+01
1.104499326964792516e+01
1.166976008359725014e+01
1.206065808034594511e+01
1.244008947137426446e+01
1.200500280015970667e+01
1.126757367432201029e+01
1.205448252488925043e+01
1.134548437683823607e+01
1.227249479863688109e+01
1.161107510609143212e+01
1.162638906086236368e+01
1.187258106440853567e+01
1.165325718642266040e+01
1.132217215779245834e+01
1.144864782183536356e+01
1.128623514359198587e+01
1.174816730443082236e+01
1.130383198530313216e+01
1.151677292492472127e+01
1.187935830725033526e+01
1.154344643131852166e+01
1.113357960545470782e+01
1.165866678402725398e+01
1.190982834525140532e+01
1.123056858968390692e+01
1.164984848488350977e+01
1.177629970743922350e+01
1.110767270354681990e+01
1.129004576748912214e+01
1.168624842048578394e+01
1.125752027744089112e+01
1.174608456429722203e+01
1.129424517225413638e+01
1.177716966497244044e+01
1.103406785016204061e+01
1.263406173752232675e+01
1.202534027442323072e+01
1.163384521081953871e+01
1.068652139500136578e+01
1.136550080121379658e+01
1.075966907286645302e+01
1.100129244522526228e+01
1.131309136027245366e+01
1.129988127684755916e+01
1.128388514196507764e+01
1.298597625600261374e+01
1.285618697086797546e+01
1.093902351636642223e+01
1.008515932935400805e+01
1.164188006059862168e+01
1.168149519217311649e+01
1.202312672485270006e+01
1.157432393022291528e+01
1.116742555465760489e+01
1.072571564021509083e+01
1.179436630666606867e+01
1.082662618195005955e+01
1.188860839168661698e+01
1.122102898159456430e+01
1.081003883969970047e+01
1.190448002406699857e+01
1.185084348147526612e+01
1.191335860456124074e+01
1.176410626631086842e+01
1.261233953910383043e+01
1.130862142058773756e+01
1.183266169926823608e+01
1.346551721679418279e+01
1.108976705881368652e+01
1.146381124358421033e+01
1.185343899136074697e+01
1.180813844654375977e+01
1.153369672729044915e+01
1.187345560229227281e+01
1.079138844479588499e+01
1.197909852809513609e+01
1.187623394872093385e+01
1.144775851748988593e+01
1.117206936596260647e+01
1.150909194138849934e+01
1.119111902447458995e+01
1.153995261495161095e+01
1.095966453617692338e+01
1.150549910629874972e+01
1.202877331729903077e+01
1.175407309934440292e+01
1.162954586436654836e+01
1.174368009310230754e+01
1.178422420305075669e+01
1.166959986286548023e+01
1.128413309476183102e+01
1.194633783907605107e+01
1.153796464274001465e+01
1.166696620306635701e+01
1.137304047918823713e+01
1.097957141549287918e+01
1.089753769345302459e+01
1.137691099146395501e+01
1.109143444413152579e+01
1.099086608844472046e+01
1.097311005624513314e+01
1.166709607518755654e+01
1.137288765766115795e+01
1.192452873613080477e+01
1.169393756378086735e+01
1.152877856086088393e+01
1.156567946315892748e+01
1.151864635055778407e+01
1.171921369359945864e+01
1.141710081726651893e+01
1.216543849356079576e+01
1.119312960020115355e+01
1.259783340003310492e+01
1.133291743631983906e+01
1.207476655779115937e+01
1.137499706573866121e+01
1.129900773104172274e+01
1.114960313621608989e+01
1.147602153622204746e+01
1.200920919853468583e+01
1.168558085904757249e+01
1.193822751287607176e+01
1.142049688165407240e+01
1.151635853521455211e+01
1.137619067378144777e+01
1.069880278788399686e+01
1.351424679162808928e+01
1.209845280916449006e+01
1.173960832208998362e+01
1.145380071842554059e+01
1.179564403593152377e+01
1.215638010661766089e+01
1.147225810400252932e+01
1.221057379224658312e+01
1.143073306486030560e+01
1.122046278396583041e+01
1.195694503813722420e+01
1.135382240339579951e+01
1.117688245471877373e+01
1.124065718532375691e+01
1.168205901420640558e+01
1.069814836740489383e+01
1.173414003348150914e+01
1.166425253071648704e+01
1.141056905398893306e+01
1.139393440514087175e+01
1.164518084417300692e+01
1.145661063199869112e+01
1.172900809297993874e+01
1.223395844672134558e+01
1.155779564208167542e+01
1.118896801238643945e+01
1.160656344826959341e+01
1.145465389990543059e+01
1.116464644477625612e+01
1.110515040698103739e+01
1.171010185766894907e+01
1.092529283794597639e+01
1.129507817797929015e+01
1.177214516136530698e+01
1.129092802711768684e+01
1.207047326920524632e+01
1.068675946116349174e+01
1.204788094608538529e+01
1.339619151221849336e+01
1.234761212807249642e+01
1.240534239038145259e+01
1.182543233262500593e+01
1.244735732747547452e+01
1.165264653999800970e+01
1.163527727072701978e+01
1.102588088940752264e+01
1.147399923144198297e+01
1.149175791117981937e+01
1.126226602807846255e+01
1.150869708673987368e+01
1.146198173550352450e+01
1.154991961912392640e+01
1.148349218949452322e+01
1.103588622973269295e+01
1.115959470950292953e+01
1.177537980848936883e+01
1.186973241739723406e+01
1.171931790742948110e+01
1.132143012459468423e+01
1.166661872625247476e+01
1.113274301764155894e+01
1.166445573800619862e+01
1.176885880782594462e+01
1.164737473183936167e+01
1.221840644022235800e+01
1.140287469255271446e+01
1.075452147778927880e+01
1.200399372571104273e+01
1.149377228498415526e+01
1.131152950608069752e+01
1.292250999939745171e+01
1.121618705191964693e+01
1.179679448342090176e+01
1.113037700940235908e+01
1.180942784808331147e+01
1.161158664165325938e+01
1.197118724722161787e+01
1.187462254877437751e+01
1.070917075733321333e+01
1.169986613785609642e+01
1.192987762028036158e+01
1.107776799120027711e+01
1.193542038516868686e+01
1.087218045199116290e+01
1.175583952096743801e+01
1.126638026693154337e+01
1.081843758369653052e+01
1.085015221047674139e+01
1.200785738032183403e+01
1.137100030502178072e+01
1.135128861449137361e+01
1.211902037823674405e+01
1.257894706261730988e+01
1.138210517518181675e+01
1.084939132485274271e+01
1.132852759582094393e+01
1.228429611128327004e+01
1.187604960650772234e+01
1.096767797694736046e+01
1.104269548391820166e+01
1.283179417507631470e+01
1.163047178089347256e+01
1.256748359244313917e+01
1.160833251168794611e+01
1.113899333141694648e+01
1.333674011339461707e+01
1.178573261598475774e+01
1.154808046422340695e+01
1.194203874502400176e+01
1.170663348251915714e+01
1.192069950280610691e+01
1.133167044480832963e+01
1.193533109142304127e+01
1.150070638538313794e+01
1.175130039160283246e+01
1.175766402119189813e+01
1.107282010667484862e+01
1.092801607829968447e+01
1.216108867319790932e+01
1.171728515212565824e+01
1.162298320654707595e+01
1.124970474492841177e+01
1.211853194657390098e+01
1.140093865394463535e+01
1.143395367386753136e+01
1.104318017020366938e+01
1.094932492193595053e+01
1.080493956717398163e+01
1.144734605171050568e+01
1.111771786534605333e+01
1.159932742471537281e+01
1.188942413664340059e+01
1.122302438229142041e+01
1.100709363766120319e+01
1.242299786689397223e+01
1.094758491835040815e+01
1.130050921792587104e+01
1.140022055877253671e+01
1.143407143161396178e+01
1.110919655413317209e+01
1.158946855672499865e+01
1.191594884644913321e+01
1.075261301480465548e+01
1.105947745567115170e+01
1.157365091295709547e+01
1.153985457373532242e+01
1.217722481473646390e+01
1.068652139500136578e+01
1.127412261957426409e+01
1.220004058737069208e+01
1.195202639423147239e+01
1.147068493513664400e+01
1.179324715501556042e+01
1.151869932399891105e+01
1.167362683062365747e+01
1.233276953412798882e+01
1.153440184391018875e+01
1.160654401431816396e+01
1.174180199463840779e+01
1.129160399717033592e+01
1.257707829221292606e+01
1.189344127011111674e+01
1.129670576436107154e+01
1.172900127764451739e+01
1.183953191683340123e+01
1.169864563928705259e+01
1.145673275195897745e+01
1.125518605387232363e+01
1.152899877876850532e+01
1.170027573138528965e+01
1.228450324005506111e+01
1.191418911383702373e+01
1.137079264099617149e+01
1.118480286506911270e+01
1.165724677091265349e+01
1.148408400846380495e+01
1.152759787352717780e+01
1.148729600220687885e+01
1.132427025582043001e+01
1.192794889057949526e+01
1.201270792340237215e+01
1.176036470748827334e+01
1.164539378387135571e+01
1.145426192640800345e+01
1.216688882005719385e+01
1.159683455867942037e+01
1.195237187676055157e+01
1.160883248253908739e+01
1.188365397375684651e+01
1.183842914190752360e+01
1.123335739333728789e+01
1.173403789590091684e+01
1.197491612985503906e+01
1.074251560326610466e+01
1.178141955717182654e+01
1.226838096742450723e+01
1.135897276456836558e+01
1.151035158510935119e+01
1.237058794976268850e+01
1.159723793706666584e+01
1.160557083202516537e+01
1.076159243039866098e+01
1.287749828710934352e+01
1.168466948519719040e+01
1.230241480348916738e+01
1.197172021995774926e+01
1.152063897077728072e+01
1.137353557194228060e+01
1.165170096660946975e+01
1.134745676409370141e+01
1.157947862782777726e+01
1.190553215448754187e+01
1.198488001679992720e+01
1.202035518408825787e+01
1.172205512635086500e+01
1.092368264016632473e+01
1.189933763497992913e+01
1.149830376911159036e+01
1.180274763627626022e+01
1.221059772250679032e+01
1.086849700489130832e+01
1.128223294845217239e+01
1.128951184295991261e+01
1.194326453306443092e+01
1.186680044570499071e+01
1.081049485157632972e+01
1.166368283053824051e+01
1.186023528651816683e+01
1.163161891762214140e+01
1.126667469225422202e+01
1.165541672031511666e+01
1.088787008655939381e+01
1.143858634058886281e+01
1.194329216136539351e+01
1.195274730767974347e+01
1.203660297004762292e+01
1.180089603954496980e+01
1.150934203664298749e+01
1.155123605187815095e+01
1.190660053611232350e+01
1.315081208456044770e+01
1.200599810943871582e+01
1.156447412038879463e+01
1.283387374956809168e+01
1.182818114921381003e+01
1.131477902208308706e+01
1.368335447503942603e+01
1.099873160213712175e+01
1.316012050963742119e+01
1.091568638911292055e+01
1.124824016454408415e+01
1.156277112689195619e+01
1.171989833973742634e+01
1.137465080652486193e+01
1.198052441910622967e+01
1.180455377142504325e+01
1.156638254849510972e+01
1.114909435427535023e+01
1.136108447621523077e+01
1.089647316498901475e+01
1.152599571655885669e+01
1.168678534192769725e+01
1.207044040998111534e+01
1.128675247448995833e+01
1.132699893100769550e+01
1.147023299453794998e+01
1.305734132865209141e+01
1.144568622234749000e+01
1.167344615765551730e+01
1.137286453959476518e+01
1.167306055534626807e+01
1.151506797359543199e+01
1.165722097579364736e+01
1.127881542489852684e+01
1.181761102358958127e+01
1.025773681145292038e+01
1.125556654217268537e+01
1.115187229673677471e+01
1.268286535919100899e+01
1.200782697293319501e+01
1.133127552873235544e+01
1.141522556652369325e+01
1.095930004124793911e+01
1.094425467229866555e+01
1.162624676208646335e+01
1.065781815027684232e+01
1.122878263858863335e+01
1.251960013778735004e+01
1.081327856853601155e+01
1.169909887947547844e+01
1.216905662041115477e+01
1.146297389079125928e+01
1.068652139500136578e+01
1.143349310967336940e+01
1.167586626846357234e+01
1.103910170065397622e+01
1.213391536685258565e+01
1.123235138813283029e+01
1.109219243235747143e+01
1.184999844699863303e+01
1.166519185035861383e+01
1.153565537589706302e+01
1.114341979736728483e+01
1.133832386566775341e+01
1.203944792049414581e+01
1.175401681679101351e+01
1.101997653794069798e+01
1.195419040444716074e+01
1.157003213115917717e+01
1.128728243115449104e+01
1.126844997990335173e+01
1.178145976984463061e+01
1.170778770309922123e+01
1.154774216461454905e+01
1.241186661355387422e+01
1.258327094821835246e+01
1.304947965834719170e+01
1.095535873671325433e+01
1.181071367839310859e+01
1.229094286866231833e+01
1.124881128601279912e+01
1.168476070176528481e+01
1.222264943404155524e+01
1.179413169226917191e+01
1.175586817900242131e+01
1.282880917591517900e+01
1.165082652832862919e+01
1.123078051413300571e+01
1.101617842738471786e+01
1.188288402925359222e+01
1.186215971589001761e+01
1.208957768442757441e+01
1.159768213542879067e+01
1.173610130285068287e+01
1.132355370100574454e+01
1.156681292400556949e+01
1.168622118592968384e+01
1.180500653084950002e+01
1.104080046590629038e+01
1.160603952874674860e+01
1.118507722955202688e+01
1.139147951186541974e+01
1.267725431896127830e+01
1.109205011112252315e+01
1.169158999219959760e+01
1.098278294370487629e+01
1.150655667397466253e+01
1.118042748140749332e+01
1.138957299071818596e+01
1.124764524497948770e+01
1.160448493973558115e+01
1.137364172565619214e+01
1.122036980509402149e+01
1.096670739699550978e+01
1.208233470896872674e+01
1.233481471636069493e+01
1.071740964648069827e+01
1.176859279798524405e+01
1.160648405053305332e+01
1.183924548265273202e+01
1.132611693971223943e+01
1.167134270979689070e+01
1.105025003966044750e+01
1.256425787105076175e+01
1.123289368235477781e+01
1.204377330870347329e+01
1.109323218794469668e+01
1.145941589268886318e+01
1.165319602957166190e+01
1.199830876950862901e+01
1.177702472870171135e+01
1.116463805518602292e+01
1.153044491351539413e+01
1.220087714000074008e+01
1.177534604378947058e+01
1.070815108773254209e+01
1.128793955825416440e+01
1.120576790129331535e+01
1.220740554694103430e+01
1.129395494621127405e+01
1.113468891732885169e+01
1.156025401292163934e+01
1.173541585668121812e+01
1.162732595544627578e+01
1.113228552128427395e+01
1.093674987742840266e+01
1.078428027249020715e+01
1.169383809212622971e+01
1.273651262512239235e+01
1.175173818821046900e+01
1.116002652393665429e+01
1.136786715778854528e+01
1.094083221871751377e+01
1.211124076958265938e+01
1.148495290909515987e+01
1.190517421343156457e+01
1.113778380039845040e+01
1.215302076361830252e+01
1.074410014738036523e+01
1.154639653946747124e+01
1.184967462641643543e+01
1.102119145870141459e+01
1.155388225374578859e+01
1.149727361623154387e+01
1.212239934781854878e+01
1.173016249377214848e+01
1.073841296130355261e+01
1.114653734823930797e+01
1.150883219916122258e+01
1.120759968078498225e+01
1.148541112282947552e+01
1.143118684952656849e+01
1.171266722686479689e+01
1.177411653358499066e+01
1.120068155150313594e+01
1.207898882921108097e+01
1.160623860463886636e+01
1.132964259334123192e+01
1.212591211330234131e+01
1.098394305319406428e+01
1.137129835902567443e+01
1.189107809442768016e+01
1.158424402102500927e+01
1.135508533413923615e+01
1.156781204508386018e+01
1.147735796091288485e+01
1.190364351115260000e+01
1.121702898399293957e+01
1.131570565936486261e+01
1.176912709794393841e+01
1.154234162289531263e+01
1.222983908033973144e+01
1.128993697132309926e+01
1.154167863404345873e+01
1.252251123681636891e+01
1.265940626131291857e+01
1.123185457532468767e+01
1.177912811248271652e+01
1.173535660210613152e+01
1.130166726004242683e+01
1.119378348868660566e+01
1.068652139500136578e+01
1.168332278522362344e+01
1.153739510549004876e+01
1.092274935727969876e+01
1.100835710358946962e+01
1.351365259309354094e+01
1.111343051900602319e+01
1.175001270267554965e+01
1.137587226248206029e+01
1.318109439528578619e+01
1.191964117782492494e+01
1.105777646309512541e+01
1.102075467396046093e+01
1.183781425503602058e+01
1.156864743932655415e+01
1.154240124834784353e+01
1.173664782385800009e+01
1.108443241922893741e+01
1.097926444100334820e+01
1.216680304866847528e+01
1.154750046913066086e+01
1.086244186871473083e+01
1.182030348122182772e+01
1.209539565010176787e+01
1.159547176173431993e+01
1.213249739912092373e+01
1.159826557422700155e+01
1.107909763671115577e+01
1.149290000612646168e+01
1.162406603422737383e+01
1.157813417026839531e+01
1.349653015280115831e+01
1.219859266897422501e+01
1.121861897401309172e+01
1.181435921489067198e+01
1.152523246955397696e+01
1.156788996667940062e+01
1.174999235676997777e+01
1.164862539141248554e+01
1.157628968764987043e+01
1.160711481747766882e+01
1.189158860857211408e+01
1.116535564885586140e+01
1.174003534574049290e+01
1.159424602786383396e+01
1.146164247986118845e+01
1.082132541173181295e+01
1.199409750468441338e+01
1.222519995056819653e+01
1.150583192616584860e+01
1.156401584653142578e+01
1.177831292895202964e+01
1.133662361393699314e+01
1.100765209038090653e+01
1.068652139500136578e+01
1.157212517551776898e+01
1.193463229563601402e+01
1.160289235810241948e+01
1.132063310222337016e+01
1.109266792377847111e+01
1.373684927235618325e+01
1.164699273317972406e+01
1.172900945189818067e+01
1.189057958128436177e+01
1.224360745572898068e+01
1.136997834902837390e+01
1.144196766416977873e+01
1.135114873317049877e+01
1.156459882403900608e+01
1.169673508955770558e+01
1.174282633406912524e+01
1.152952070125117601e+01
1.176750764682028638e+01
1.129409893263179931e+01
1.166229607964412907e+01
1.125761476403218353e+01
1.112200270708989436e+01
1.094748446593474966e+01
1.132602632895655148e+01
1.211228639376377458e+01
1.204788377531129484e+01
1.120128839265863974e+01
1.162072030868187866e+01
1.166496377510747884e+01
1.231861271382781986e+01
1.119719702314242049e+01
1.155188228783923421e+01
1.113548861692727421e+01
1.134317190941334275e+01
1.154645254710230340e+01
1.106487764621783221e+01
1.072432502768758233e+01
1.105171841915761988e+01
1.187296784150557727e+01
1.176316176876649067e+01
1.079504692895992868e+01
1.167142440410029103e+01
1.100717673729241497e+01
1.087247916703089601e+01
1.144034993863389005e+01
1.168466371150872440e+01
1.168031583386571803e+01
1.165973097099563738e+01
1.200587468904186572e+01
1.131286903363069385e+01
1.142878159925846937e+01
1.144449356412457064e+01
1.131202563394480087e+01
1.159939721109724609e+01
1.125493873616744089e+01
1.175992275718823521e+01
1.131488448583805706e+01
1.129520665568268889e+01
1.177500453765775568e+01
1.147823364651280187e+01
1.367670937590136582e+01
1.188659369505417374e+01
1.148459562703674663e+01
1.236819755712381586e+01
1.155743631087992718e+01
1.193260645318604141e+01
1.071136395898242455e+01
1.209219113947806967e+01
1.152991140430831862e+01
1.206244005852018653e+01
1.106053061648721325e+01
1.200181905713482955e+01
1.080880123999058817e+01
1.145706100969269592e+01
1.144841787589426474e+01
1.217816091030628201e+01
1.172973055842233947e+01
1.153281669084798899e+01
1.173231499239950892e+01
1.134754124360935812e+01
1.202587282001117330e+01
1.233977388966718713e+01
1.186385047389618208e+01
1.126428822812121844e+01
1.141515810410815845e+01
1.122610403463719031e+01
1.193684894888687253e+01
1.118081424078915376e+01
1.101196733933081262e+01
1.171938094967694788e+01
1.176284299545972800e+01
1.135034389775536390e+01
1.068652139500136578e+01
1.188217258741883953e+01
1.136220090140771610e+01
1.093339639589175682e+01
1.184502126367165964e+01
1.162390393287148704e+01
1.142556985756348098e+01
1.118400458038765954e+01
1.124109157985222218e+01
1.123827862946134637e+01
1.103272372622595832e+01
1.162742094323197328e+01
1.142611871162772452e+01
1.137862684847379846e+01
1.117764831986345442e+01
1.148354739681282055e+01
1.130594972853228697e+01
1.131805511465085878e+01
1.156602567568103801e+01
1.146719651550620256e+01
1.163333157986723521e+01
1.179988258395601797e+01
1.164040098359845565e+01
1.119787744717291744e+01
1.104440108311796642e+01
1.170122793376821591e+01
1.199145828683584547e+01
1.291592470091768696e+01
1.158418151623113168e+01
1.074952575171584712e+01
1.163992609175368109e+01
1.198763029613883369e+01
1.146561453089653249e+01
1.195156440085896676e+01
1.120407906031370615e+01
1.120185988028332069e+01
1.215437190014905156e+01
1.141844613245777218e+01
1.241345295111228175e+01
1.161627141537901231e+01
1.191992318722894417e+01
1.180193934570271708e+01
1.175825015762727332e+01
1.148195623557971778e+01
1.220542423091936790e+01
1.147781179761741654e+01
1.126492103775851561e+01
1.116347836548314731e+01
1.085634886861039483e+01
1.165073759787746788e+01
1.160024066055638770e+01
