0.000000000000000000e+00
7.500000000000000000e+01
7.500000000000000000e+01
7.500000000000000000e+01
7.500000000000000000e+01
7.500000000000000000e+01
7.500000000000000000e+01
7.500000000000000000e+01
7.500000000000000000e+01
7.500000000000000000e+01
7.500000000000000000e+01
7.500000000000000000e+01
7.500000000000000000e+01
7.500000000000000000e+01
7.500000000000000000e+01
7.500000000000000000e+01
7.500000000000000000e+01
7.500000000000000000e+01
7.500000000000000000e+01
7.500000000000000000e+01
7.500000000000000000e+01
7.500000000000000000e+01
7.500000000000000000e+01
7.500000000000000000e+01
7.500000000000000000e+01
7.500000000000000000e+01
7.500000000000000000e+01
7.500000000000000000e+01
7.500000000000000000e+01
7.500000000000000000e+01
7.500000000000000000e+01
7.500000000000000000e+01
7.500000000000000000e+01
7.500000000000000000e+01
7.500000000000000000e+01
7.500000000000000000e+01
7.500000000000000000e+01
7.500000000000000000e+01
7.500000000000000000e+01
7.500000000000000000e+01
7.500000000000000000e+01
7.500000000000000000e+01
7.500000000000000000e+01
7.500000000000000000e+01
7.500000000000000000e+01
7.499999999999992895e+01
7.499999999999944578e+01
7.499999999999565148e+01
7.499999999997227462e+01
7.499999999984977705e+01
7.499999999929154626e+01
7.499999999703827314e+01
7.499999998885945729e+01
7.499999996183788653e+01
7.499999987975138538e+01
7.499999964850506728e+01
7.499999903999527362e+01
7.499999753493634103e+01
7.499999401711536962e+01
7.499998621035204849e+01
7.499996969303521155e+01
7.499993625316386670e+01
7.499987126191469144e+01
7.499974965225861467e+01
7.499953000176094520e+01
7.499914615025652154e+01
7.499849575157074355e+01
7.499742518306395311e+01
7.499571033544663123e+01
7.499303299178002646e+01
7.498895278565638023e+01
7.498287510191200056e+01
7.497401573612775394e+01
7.496136363831428184e+01
7.494364359858619196e+01
7.491928124743326123e+01
7.488637319394639746e+01
7.484266546261785891e+01
7.478554356340771392e+01
7.471203749364131852e+01
7.461884468303199469e+01
7.450237332411056457e+01
7.435880766462254599e+01
7.418419568302215339e+01
7.397455815862822703e+01
7.372601655410942101e+01
7.343493545648250631e+01
7.309807371507848472e+01
7.271273703766408403e+01
7.227692383425785749e+01
7.178945569219661138e+01
7.125008414344088692e+01
7.065956639565091280e+01
7.001970440541231255e+01
6.933334394623778962e+01
6.860433295504712703e+01
6.783744116279439140e+01
6.703824554438332939e+01
6.621298820147484321e+01
6.536841472362499417e+01
6.451160175180145018e+01
6.364978238566622792e+01
6.279017731488396237e+01
6.193983826707631124e+01
6.110550874219487127e+01
6.029350524441050396e+01
5.950962050875194365e+01
5.875904869385431084e+01
5.804633127086547262e+01
5.737532143128167661e+01
5.674916427167860888e+01
5.617028976816752106e+01
5.564041558483501859e+01
5.516055701508117437e+01
5.473104177703112327e+01
5.435152792144680234e+01
5.402102371593427677e+01
5.373790900213147381e+01
5.349995814763111923e+01
5.330436529962930337e+01
5.314777316182664180e+01
5.302630692840043736e+01
5.293561528577683362e+01
5.287092050019316503e+01
5.282707951346147723e+01
5.279865764289362318e+01
5.278001590700148427e+01
5.276541217731917754e+01
5.274911531459909497e+01
5.272553024153377521e+01
5.268933062391489841e+01
5.263559459775773064e+01
5.255993793217358245e+01
5.245863830228567792e+01
5.232874409263711613e+01
5.216816144949129352e+01
5.197571418071269989e+01
5.175117252259619960e+01
5.149524863831067023e+01
5.120955880491574419e+01
5.089655436974222624e+01
5.055942549083030713e+01
5.020198322586006157e+01
4.982852656049394113e+01
4.944370140349945331e+01
4.905235843165915810e+01
4.865941601834056485e+01
4.826973344963533208e+01
4.788799836939261212e+01
4.751863104833505957e+01
4.716570677363385045e+01
4.683289650410679172e+01
4.652342499704941758e+01
4.624004491526202543e+01
4.598502496736114864e+01
4.576014989961010571e+01
4.556673010855497097e+01
4.540561874002663245e+01
4.527723434066248842e+01
4.518158739572913873e+01
4.511830939007076324e+01
4.508668334210628359e+01
4.508567506442715001e+01
4.511396468404166171e+01
4.516997819967668448e+01
4.525191905442085982e+01
4.535779985287112481e+01
4.548547444786631644e+01
4.563267065951401236e+01
4.579702386728632035e+01
4.597611163599080442e+01
4.616748940346308672e+01
4.636872708104459662e+01
4.657744621084565040e+01
4.679135710405209636e+01
4.700829517284667247e+01
4.722625548711515364e+01
4.744342445758503857e+01
4.765820748786629224e+01
4.786925146193890868e+01
4.807546104629170713e+01
4.827600798371657476e+01
4.847033282634055240e+01
4.865813887865481746e+01
4.883937847123851128e+01
4.901423203409522955e+01
4.918308075724880979e+01
4.934647389163122000e+01
4.950509193798202290e+01
4.965970708619249763e+01
4.981114230149050570e+01
4.996023041408647458e+01
5.010777446854687156e+01
5.025451044530551314e+01
5.040107329790137669e+01
5.054796707341625961e+01
5.069553971505867906e+01
5.084396299565757005e+01
5.099321790491971029e+01
5.114308571270640869e+01
5.129314485190823092e+01
5.144277370082384238e+01
5.159115928699446130e+01
5.173731187189336111e+01
5.188008529874742436e+01
5.201820288575227380e+01
5.215028851855046099e+01
5.227490243737861420e+01
5.239058102851837617e+01
5.249587972413107195e+01
5.258941790135789063e+01
5.266992446686113993e+01
5.273628263573682062e+01
5.278757228410867697e+01
5.282310819202146490e+01
5.284247251364882914e+01
5.284553992608318396e+01
5.283249411952838415e+01
5.280383459543705982e+01
5.276037312099590082e+01
5.270321962622926293e+01
5.263375779554026934e+01
5.255361106705653640e+01
5.246460017906953510e+01
5.236869376505535456e+01
5.226795377570430645e+01
5.216447768520399109e+01
5.206033951640613822e+01
5.195753170126497622e+01
5.185790969233168823e+01
5.176314107631203143e+01
5.167466073184877473e+01
5.159363333980217448e+01
5.152092431077112877e+01
5.145707995142394964e+01
5.140231745220745552e+01
5.135652504209016911e+01
5.131927241446825150e+01
5.128983127305145473e+01
5.126720556853975097e+01
5.125017069054622709e+01
5.123732054494299604e+01
5.122712109332841379e+01
5.121796857676726944e+01
5.120825031752217171e+01
5.119640572428473746e+01
5.118098495564347417e+01
5.116070265827915620e+01
5.113448431773213088e+01
5.110150305397009873e+01
5.106120515699559803e+01
5.101332326528956429e+01
5.095787679941584258e+01
5.089516001778701337e+01
5.082571879706025442e+01
5.075031789211240607e+01
5.066990094487147900e+01
5.058554584749559524e+01
5.049841820281729099e+01
5.040972556330307697e+01
5.032067488726834625e+01
5.023243526053720132e+01
5.014610743521768654e+01
5.006270118063103070e+01
4.998312086946245358e+01
4.990815917489150166e+01
4.983849826472305722e+01
4.977471747113528977e+01
4.971730610610647005e+01
4.966667989166958108e+01
4.962319938273860487e+01
4.958718877415366677e+01
4.955895359337991124e+01
4.953879597213067854e+01
4.952702644669782472e+01
4.952397153805434016e+01
4.952997668757873839e+01
4.954540445123736703e+01
4.957062816428535257e+01
4.960602156268657836e+01
4.965194507288051540e+01
4.970872964900270574e+01
4.977665914160797911e+01
4.985595222421842010e+01
4.994674488737078377e+01
5.004907444106427761e+01
5.016286585448906976e+01
5.028792111666525244e+01
5.042391213348959411e+01
5.057037749572262442e+01
5.072672326800545051e+01
5.089222776949834071e+01
5.106605014959159661e+01
5.124724241369940358e+01
5.143476442965707207e+01
5.162750134874956842e+01
5.182428280961751454e+01
5.202390325939731497e+01
5.222514272395111590e+01
5.242678738565475527e+01
5.262764937894888106e+01
5.282658528527445441e+01
5.302251289365921849e+01
5.321442588425426834e+01
5.340140618303297515e+01
5.358263382119006479e+01
5.375739420869174978e+01
5.392508279610817823e+01
5.408520715257481015e+01
5.423738653258724440e+01
5.438134904373723089e+01
5.451692656539828619e+01
5.464404760842217001e+01
5.476272835067146616e+01
5.487306213354137441e+01
5.497520775931251080e+01
5.506937698498028055e+01
5.515582166014294785e+01
5.523482099850396310e+01
5.530666949810767363e+01
5.537166602862905762e+01
5.543010458019384856e+01
5.548226711452222304e+01
5.552841887515633346e+01
5.556880640108554559e+01
5.560365835152161651e+01
5.563318909530811851e+01
5.565760485458641682e+01
5.567711202823318217e+01
5.569192716628713669e+01
5.570228793231807884e+01
5.570846428630215996e+01
5.571076905492318332e+01
5.570956703664336374e+01
5.570528182052807864e+01
5.569839958307246519e+01
5.568946926530319530e+01
5.567909871872857508e+01
5.566794663503308982e+01
5.565671032888003822e+01
5.564610971079110868e+01
5.563686805046609862e+01
5.562969037150903517e+01
5.562524051780931700e+01
5.562411807269865704e+01
5.562683638020177312e+01
5.563380290303064157e+01
5.564530304941867200e+01
5.566148841144272552e+01
5.568237008870044491e+01
5.570781743747226500e+01
5.573756220778398784e+01
5.577120763598949083e+01
5.580824168003360342e+01
5.584805325231932471e+01
5.588995005461105592e+01
5.593317648045493939e+01
5.597693004560665742e+01
5.602037494756296354e+01
5.606265163969609944e+01
5.610288171714079652e+01
5.614016791956333208e+01
5.617358961718240806e+01
5.620219470956212859e+01
5.622498937713819345e+01
5.624092753079127505e+01
5.624890206015153638e+01
5.624774005371625663e+01
5.623620403535767309e+01
5.621300093131248587e+01
5.617679996552386967e+01
5.612626001214165683e+01
5.606006615987205066e+01
5.597697442368710341e+01
5.587586274346069359e+01
5.575578570799049771e+01
5.561602990525981483e+01
5.545616648434366880e+01
5.527609746249385125e+01
5.507609254049861391e+01
5.485681369048996459e+01
5.461932551435982930e+01
5.436509027355666035e+01
5.409594747924919744e+01
5.381407891389589793e+01
5.352196084214418192e+01
5.322230588549130914e+01
5.291799752854601024e+01
5.261202046977115288e+01
5.230739002906489077e+01
5.200708360590716239e+01
5.171397679070904019e+01
5.143078622424151547e+01
5.116002073340270329e+01
5.090394169900945087e+01
5.066453307582504095e+01
5.044348101724497724e+01
5.024216267459558338e+01
5.006164344979293190e+01
4.990268177676090033e+01
4.976574038163733604e+01
4.965100291094164930e+01
4.955839480601210312e+01
4.948760732752636216e+01
4.943812368440045191e+01
4.940924628833950294e+01
4.940012423335068803e+01
4.940978018592702625e+01
4.943713596578742653e+01
4.948103619973412748e+01
4.954026954352404033e+01
4.961358708941514095e+01
4.969971770995375948e+01
4.979738022980133394e+01
4.990529246342985914e+01
5.002217730217543590e+01
5.014676617294579586e+01
5.027780031556963536e+01
5.041403042896153153e+01
5.055421531113844225e+01
5.069712015907060731e+01
5.084151519756839832e+01
5.098617527025619722e+01
5.112988095091639451e+01
5.127142162327997710e+01
5.140960083719023288e+01
5.154324408650743550e+01
5.167120897836163351e+01
5.179239758479491940e+01
5.190577059748771660e+01
5.201036275516312202e+01
5.210529889174516427e+01
5.218980987034883157e+01
5.226324763052125633e+01
5.232509858790172075e+01
5.237499468740439568e+01
5.241272152033851484e+01
5.243822306609492756e+01
5.245160280027714350e+01
5.245312111075873673e+01
5.244318916651540974e+01
5.242235957584625083e+01
5.239131433593313858e+01
5.235085070160459964e+01
5.230186567775361084e+01
5.224533986122880691e+01
5.218232132296891734e+01
5.211391013336953648e+01
5.204124400170503151e+01
5.196548533622470245e+01
5.188780985059794659e+01
5.180939666160598733e+01
5.173141965935238318e+01
5.165503980028578468e+01
5.158139788750750654e+01
5.151160737047593585e+01
5.144674672054284059e+01
5.138785101752581141e+01
5.133590250820555667e+01
5.129182005809121847e+01
5.125644759744732681e+01
5.123054184391579469e+01
5.121475974935323450e+01
5.120964625142419635e+01
5.121562299764111259e+01
5.123297874158199505e+01
5.126186208339319705e+01
5.130227713994672456e+01
5.135408258968006834e+01
5.141699435321945799e+01
5.149059195710790959e+01
5.157432840078261904e+01
5.166754312434034802e+01
5.176947747474216754e+01
5.187929190782353572e+01
5.199608405695951063e+01
5.211890675657016203e+01
5.224678513471522479e+01
5.237873198275634223e+01
5.251376076427596473e+01
5.265089582728496964e+01
5.278917961582163088e+01
5.292767691906449556e+01
5.306547642696104816e+01
5.320169006140840651e+01
5.333545070493219242e+01
5.346590904335840122e+01
5.359223026996677675e+01
5.371359136716691296e+01
5.382917959481147108e+01
5.393819268355679952e+01
5.403984107208493981e+01
5.413335235475596363e+01
5.421797793713074043e+01
5.429300174443426386e+01
5.435775070265773223e+01
5.441160661969081502e+01
5.445401903631341867e+01
5.448451859169684752e+01
5.450273044970798253e+01
5.450838735320276385e+01
5.450134190541688639e+01
5.448157771298933483e+01
5.444921905837171749e+01
5.440453879722199559e+01
5.434796419849742222e+01
5.428008046357344796e+01
5.420163167995251285e+01
5.411351899005991584e+01
5.401679579116131436e+01
5.391265983229332903e+01
5.380244213997761449e+01
5.368759278564765935e+01
5.356966360091711721e+01
5.345028804670505451e+01
5.333115854203479955e+01
5.321400165074967248e+01
5.310055160260231588e+01
5.299252268365960816e+01
5.289158106619685640e+01
5.279931665907318461e+01
5.271721554725158398e+01
5.264663355709405579e+01
5.258877143744244620e+01
5.254465209142120585e+01
5.251510023674996575e+01
5.250072481902306976e+01
5.250190445762044078e+01
5.251877617066994475e+01
5.255122760472103494e+01
5.259889298518598366e+01
5.266115300161725088e+01
5.273713884197677260e+01
5.282574058514634174e+01
5.292562014304073870e+01
5.303522890475618823e+01
5.315283016801166127e+01
5.327652634242380714e+01
5.340429077253146772e+01
5.353400385742801149e+01
5.366349294433002370e+01
5.379057525608687484e+01
5.391310289260382405e+01
5.402900874194726555e+01
5.413635196891264911e+01
5.423336163714932923e+01
5.431847698284146020e+01
5.439038290543005161e+01
5.444803937848659814e+01
5.449070370738708391e+01
5.451794485659392109e+01
5.452964941676705024e+01
5.452601915330759397e+01
5.450756044321594374e+01
5.447506623702624040e+01
5.442959145208523353e+01
5.437242289479888058e+01
5.430504491395316791e+01
5.422910200569634753e+01
5.414635953294715165e+01
5.405866360451972241e+01
5.396790100312655625e+01
5.387595987907273098e+01
5.378469175900279708e+01
5.369587527405669647e+01
5.361118190169150211e+01
5.353214394689943845e+01
5.346012496255005431e+01
5.339629282100981555e+01
5.334159569200981821e+01
5.329674124423898718e+01
5.326217945824122069e+01
5.323808950354110436e+01
5.322437118180524607e+01
5.322064145989217820e+01
5.322623660329539064e+01
5.324022036538801217e+01
5.326139858720465270e+01
5.328834041528240562e+01
5.331940615357221702e+01
5.335278153537718282e+01
5.338651794212623258e+01
5.341857782063756588e+01
5.344688427566072875e+01
5.346937355855494189e+01
5.348404895562241279e+01
5.348903441981642004e+01
5.348262620357752439e+01
5.346334075012087084e+01
5.342995719109001840e+01
5.338155297834418178e+01
5.331753143747508972e+01
5.323764035429729091e+01
5.314198107143377570e+01
5.303100795533730150e+01
5.290551846891692378e+01
5.276663442733807585e+01
5.261577530438348305e+01
5.245462467942290630e+01
5.228509106249762084e+01
5.210926440598829856e+01
5.192936961079377056e+01
5.174771827315733219e+01
5.156665980936216442e+01
5.138853295588597803e+01
5.121561848935932204e+01
5.105009386012515193e+01
5.089399029961653298e+01
5.074915285640387452e+01
5.061720374614324669e+01
5.049950937021462494e+01
5.039715136574679377e+01
5.031090209099416199e+01
5.024120501575709596e+01
5.018816056434780393e+01
5.015151803324141611e+01
5.013067425968421986e+01
5.012467973279463251e+01
5.013225279705347504e+01
5.015180248353966874e+01
5.018146030489958065e+01
5.021912106023899014e+01
5.026249231886235691e+01
5.030915180046181234e+01
5.035661136888663236e+01
5.040238584314052162e+01
5.044406434818134244e+01
5.047938153026326091e+01
5.050628569761995124e+01
5.052300086096832388e+01
5.052807976948666635e+01
5.052044537672841784e+01
5.049941871419692063e+01
5.046473186121912846e+01
5.041652552121914255e+01
5.035533157578981900e+01
5.028204181372161941e+01
5.019786475205188481e+01
5.010427302371981995e+01
5.000294416510995177e+01
4.989569778322586302e+01
4.978443202541753720e+01
4.967106204212269915e+01
4.955746276547708362e+01
4.944541787063977978e+01
4.933657628891710800e+01
4.923241714372195332e+01
4.913422351496802065e+01
4.904306502744869078e+01
4.895978891680506706e+01
4.888501895680508369e+01
4.881916143104189842e+01
4.876241719359823179e+01
4.871479877727628605e+01
4.867615146489588085e+01
4.864617723020195683e+01
4.862446047328538157e+01
4.861049451652177567e+01
4.860370788838142886e+01
4.860348950318596906e+01
4.860921194499953657e+01
4.862025218342391497e+01
4.863600918744696600e+01
4.865591805855648033e+01
4.867946047209091631e+01
4.870617139022681386e+01
4.873564218324002439e+01
4.876752045853078243e+01
4.880150703961943748e+01
4.883735065053100044e+01
4.887484093669492324e+01
4.891380048597191887e+01
4.895407649996055000e+01
4.899553270703687957e+01
4.903804200886989406e+01
4.908148021894570689e+01
4.912572109515685526e+01
4.917063270092790361e+01
4.921607496376280722e+01
4.926189814955949231e+01
4.930794184751106002e+01
4.935403397394201619e+01
4.939998926141918645e+01
4.944560670627385690e+01
4.949066550434923784e+01
4.953491910920799768e+01
4.957808719410066089e+01
4.961984548104599924e+01
4.965981360767507624e+01
4.969754142371281347e+01
4.973249433165130995e+01
4.976403849708676574e+01
4.979142693968833555e+01
4.981378766203779662e+01
4.983011506700201210e+01
4.983926594190916148e+01
4.983996123794694455e+01
4.983079473654728275e+01
4.981024946530558850e+01
4.977672240358456435e+01
4.972855760855647844e+01
4.966408741055896314e+01
4.958168079614328860e+01
4.947979755138504743e+01
4.935704621842602080e+01
4.921224347172640279e+01
4.904447219499883914e+01
4.885313537837411246e+01
4.863800299006067007e+01
4.839924922273183938e+01
4.813747796603629325e+01
4.785373498412632642e+01
4.754950603102394524e+01
4.722670095118701283e+01
4.688762461398389547e+01
4.653493624653621907e+01
4.617159929783872485e+01
4.580082434471330544e+01
4.542600771623715872e+01
4.505066847066852631e+01
4.467838613150595961e+01
4.431274121689279610e+01
4.395726012790036918e+01
4.361536544717588981e+01
4.329033218699041186e+01
4.298525005357110729e+01
4.270299139084185214e+01
4.244618414836845943e+01
4.221718899248947565e+01
4.201807954551848923e+01
4.185062468941878677e+01
4.171627189856448581e+01
4.161613066156998997e+01
4.155095520609189919e+01
4.152112594623029906e+01
4.152662932500982862e+01
4.156703602139302944e+01
4.164147783005233094e+01
4.174862389960143361e+01
4.188665742541229520e+01
4.205325432597604163e+01
4.224556586941911718e+01
4.246020763257320851e+01
4.269325753167737503e+01
4.294026591325773978e+01
4.319628077855832515e+01
4.345589107237427129e+01
4.371329053638466178e+01
4.396236385929642410e+01
4.419679572741084428e+01
4.441020190446710103e+01
4.459627971457373263e+01
4.474897339041694266e+01
4.486264786050539755e+01
4.493226290610400753e+01
4.495353845878488386e+01
4.492310135030006535e+01
4.483860422245649602e+01
4.469880861075420597e+01
4.450362636324074828e+01
4.425411635143844791e+01
4.395243657683797522e+01
4.360175491994591823e+01
4.320612456451969052e+01
4.277033226014707168e+01
4.229972886712663183e+01
4.180005199022096463e+01
4.127725000846845660e+01
4.073731560421197173e+01
4.018613520676614570e+01
3.962935883717152308e+01
3.907229289676058670e+01
3.851981666726861420e+01
3.797632181034575893e+01
3.744567303682860171e+01
3.693118737620574166e+01
3.643562908978188375e+01
3.596121718665778388e+01
3.550964265627935390e+01
3.508209285847016190e+01
3.467928094887716384e+01
3.430147870950125366e+01
3.394855165413238751e+01
3.361999574920129419e+01
3.331497550125492069e+01
3.303236348849629422e+01
3.277078163639912844e+01
3.252864464228356667e+01
3.230420593280535968e+01
3.209560639082906164e+01
3.190092582262723298e+01
3.171823677226736748e+01
3.154565985891211355e+01
3.138141935761879253e+01
3.122389731728468121e+01
3.107168416729280835e+01
3.092362356156665371e+01
3.077884918930746139e+01
3.063681147173741337e+01
3.049729246553188489e+01
3.036040788103967003e+01
3.022659584607236383e+01
3.009659283377036587e+01
2.997139794596758122e+01
2.985222742376807759e+01
2.974046178022668485e+01
2.963758827358030246e+01
2.954514154733085007e+01
2.946464516572752856e+01
2.939755650160112310e+01
2.934521703415313709e+01
2.930880963915604198e+01
2.928932395304144265e+01
2.928753040751069392e+01
2.930396309307846536e+01
2.933891123639473975e+01
2.939241877404417735e+01
2.946429127283960270e+01
2.955410927595132264e+01
2.966124703576202748e+01
2.978489551863568963e+01
2.992408852647903572e+01
3.007773077067351508e+01
3.024462675423079006e+01
3.042350936865463495e+01
3.061306719475852489e+01
3.081196961298769921e+01
3.101888897833707759e+01
3.123251929479954825e+01
3.145159102834691112e+01
3.167488191662256369e+01
3.190122385626246526e+01
3.212950616212041410e+01
3.235867568357137714e+01
3.258773441956180505e+01
3.281573538647648292e+01
3.304177755455967969e+01
3.326500067640991176e+01
3.348458078535725235e+01
3.369972704603657832e+01
3.390968050077706408e+01
3.411371508247789563e+01
3.431114106818951370e+01
3.450131093972947838e+01
3.468362741121552517e+01
3.485755319159693499e+01
3.502262188605793369e+01
3.517844931555645616e+01
3.532474445896983184e+01
3.546131920486612898e+01
3.558809614367833518e+01
3.570511373546553813e+01
3.581252834799506246e+01
3.591061286408456255e+01
3.599975179103896039e+01
3.608043305024315117e+01
3.615323686134336612e+01
3.621882234286093194e+01
3.627791261147494595e+01
3.633127926140696218e+01
3.637972713444304418e+01
3.642408024736955241e+01
3.646516963054921945e+01
3.650382365849024069e+01
3.654086123496857397e+01
3.657708794951680886e+01
3.661329506880269946e+01
3.665026098574472257e+01
3.668875453990342095e+01
3.672953946060612651e+01
3.677337908117227983e+01
3.682104043530176796e+01
3.687329687657700106e+01
3.693092845517232092e+01
3.699471943350985725e+01
3.706545251217504244e+01
3.714389955384435638e+01
3.723080882026909677e+01
3.732688896009928214e+01
3.743279019009327158e+01
3.754908328862264000e+01
3.767623716148042945e+01
3.781459584257379447e+01
3.796435585603902751e+01
3.812554489394671009e+01
3.829800275871976822e+01
3.848136548563143577e+01
3.867505350162727495e+01
3.887826459427952841e+01
3.908997235938691972e+01
3.930893066652532752e+01
3.953368452666731514e+01
3.976258756259255023e+01
3.999382606991059674e+01
4.022544941497079662e+01
4.045540624991586043e+01
4.068158574303781450e+01
4.090186273747148960e+01
4.111414548063149255e+01
4.131642433167845496e+01
4.150681967745200041e+01
4.168362719079142664e+01
4.184535856748466642e+01
4.199077599125621418e+01
4.211891880327947035e+01
4.222912118615776933e+01
4.232102009376156815e+01
4.239455313959554417e+01
4.244994666219157153e+01
4.248769467757283991e+01
4.250852986806531675e+01
4.251338811056101719e+01
4.250336829117438953e+01
4.247968927335956835e+01
4.244364588104883751e+01
4.239656563661547750e+01
4.233976777438607542e+01
4.227452575992219863e+01
4.220203421316344361e+01
4.212338079045061079e+01
4.203952325521943578e+01
4.195127168443344345e+01
4.185927553649260346e+01
4.176401515847050661e+01
4.166579724084423475e+01
4.156475373384053995e+01
4.146084381175902678e+01
4.135385859483655935e+01
4.124342849241285336e+01
4.112903319331372387e+01
4.101001447530533284e+01
4.088559211194990439e+01
4.075488320208774695e+01
4.061692521957237290e+01
4.047070297096085056e+01
4.031517945728562324e+01
4.014933037279860883e+01
3.997218165799886691e+01
3.978284918399362624e+01
3.958057931427616438e+01
3.936478880553180915e+01
3.913510230758450348e+01
3.889138563537039772e+01
3.863377303461900425e+01
3.836268685628243702e+01
3.807884838580871190e+01
3.778327901957599977e+01
3.747729150597774606e+01
3.716247152692939437e+01
3.684065043705967213e+01
3.651387045482753280e+01
3.618434397255487056e+01
3.585440889369271389e+01
3.552648200337173989e+01
3.520301233549187003e+01
3.488643633270698530e+01
3.457913633098281281e+01
3.428340356989154003e+01
3.400140656667682748e+01
3.373516532714070593e+01
3.348653152516255460e+01
3.325717448406908971e+01
3.304857254898252705e+01
3.286200925499541370e+01
3.269857357147896693e+01
3.255916343397420576e+01
3.244449175535834229e+01
3.235509412946723984e+01
3.229133749494249628e+01
3.225342910696915766e+01
3.224142526270991738e+01
3.225523933637707330e+01
3.229464879655461829e+01
3.235930099676147620e+01
3.244871764599318453e+01
3.256229797511201696e+01
3.269932071380553396e+01
3.285894507807752518e+01
3.304021103701966666e+01
3.324203917774502060e+01
3.346323051754622213e+01
3.370246662240418800e+01
3.395831038205422203e+01
3.422920776645230490e+01
3.451349085052806487e+01
3.480938234847647550e+01
3.511500185102278948e+01
3.542837391449290152e+01
3.574743811361523882e+01
3.607006114345489323e+01
3.639405103984942969e+01
3.671717357918546298e+01
3.703717091112784487e+01
3.735178246304231919e+01
3.765876812171889298e+01
3.795593363598695191e+01
3.824115808438904907e+01
3.851242311105343674e+01
3.876784345241912177e+01
3.900569806732771383e+01
3.922446096094756740e+01
3.942283058364061077e+01
3.959975651818751174e+01
3.975446207236883112e+01
3.988646139454998263e+01
3.999556984509696633e+01
4.008190659154619340e+01
4.014588874161407261e+01
4.018821676220130712e+01
4.020985141928242257e+01
4.021198296988107046e+01
4.019599379784069271e+01
4.016341606806280140e+01
4.011588624644767265e+01
4.005509847469792817e+01
3.998275879448947023e+01
3.990054209215725933e+01
3.981005340239138235e+01
3.971279489488738079e+01
3.961013950279456708e+01
3.950331176759018348e+01
3.939337610001816614e+01
3.928123231402709337e+01
3.916761799683062151e+01
3.905311704324229538e+01
3.893817351006593697e+01
3.882310983510366498e+01
3.870814840981041272e+01
3.859343548658497980e+01
3.847906643146249195e+01
3.836511139051339114e+01
3.825164051411776711e+01
3.813874796939304446e+01
3.802657406124012596e+01
3.791532487274374574e+01
3.780528892418278275e+01
3.769685043670774860e+01
3.759049887317588201e+01
3.748683451667693589e+01
3.738656993877768997e+01
3.729052730549138062e+01
3.719963156917203406e+01
3.711489969716305382e+01
3.703742618990571600e+01
3.696836523813242081e+01
3.690890995611564307e+01
3.686026920138941421e+01
3.682364254752805977e+01
3.680019401353429487e+01
3.679102517094501223e+01
3.679714824937637019e+01
3.681945984574925745e+01
3.685871581556644117e+01
3.691550789026918977e+01
3.699024252634343668e+01
3.708312245189720358e+01
3.719413133586393627e+01
3.732302196315925613e+01
3.746930825386724706e+01
3.763226141255594825e+01
3.781091043129755747e+01
3.800404709336348930e+01
3.821023553152004126e+01
3.842782628505008802e+01
3.865497467546676091e+01
3.888966318783214859e+01
3.912972741108175967e+01
3.937288496753618716e+01
3.961676676074718984e+01
3.985894980336463789e+01
4.009699086183287164e+01
4.032846017722911824e+01
4.055097459059803811e+01
4.076222950954313262e+01
4.096002928738797522e+01
4.114231572903470635e+01
4.130719456852069982e+01
4.145295986271927546e+01
4.157811629809618381e+01
4.168139940420163470e+01
4.176179360874417057e+01
4.181854796424803311e+01
4.185118924367734650e+01
4.185953196654055830e+01
4.184368480514979893e+01
4.180405275873541626e+01
4.174133449121781325e+01
4.165651431774074354e+01
4.155084849549044890e+01
4.142584571417647510e+01
4.128324196898032028e+01
4.112497030479543980e+01
4.095312621317107471e+01
4.076992971196593629e+01
4.057768531729313111e+01
4.037874121147039119e+01
4.017544891315387900e+01
3.997012467062775443e+01
3.976501363916027287e+01
3.956225768764048212e+01
3.936386743104802122e+01
3.917169882685647053e+01
3.898743442637134393e+01
3.881256915351760739e+01
3.864840030605468968e+01
3.849602134472355885e+01
3.835631895665327562e+01
3.822997284857427047e+01
3.811745773795675518e+01
3.801904705893942804e+01
3.793481797648181697e+01
3.786465739778109452e+01
3.780826877601985814e+01
3.776517960984979538e+01
3.773474964529408027e+01
3.771617987842229525e+01
3.770852253151953448e+01
3.771069222772360519e+01
3.772147861536357283e+01
3.773956069068225361e+01
3.776352303469935379e+01
3.779187411662057627e+01
3.782306672416870441e+01
3.785552046431713791e+01
3.788764614218754190e+01
3.791787167959741822e+01
3.794466908815034856e+01
3.796658187650967164e+01
3.798225215980843217e+01
3.799044666268105175e+01
3.799008077596701582e+01
3.798023984739914027e+01
3.796019696097899754e+01
3.792942658574070691e+01
3.788761364459723069e+01
3.783465775573831280e+01
3.777067261693133560e+01
3.769598071957939567e+01
3.761110377715817776e+01
3.751674941641657313e+01
3.741379479798187901e+01
3.730326789918388641e+01
3.718632720483570608e+01
3.706424051541376485e+01
3.693836350492145471e+01
3.681011855409183653e+01
3.668097426134043815e+01
3.655242590681558568e+01
3.642597702538726878e+01
3.630312214145579475e+01
3.618533063807531391e+01
3.607403167802478094e+01
3.597060006522031728e+01
3.587634292903349120e+01
3.579248712778682062e+01
3.572016729613815755e+01
3.566041449916356498e+01
3.561414549887535230e+01
3.558215268245279361e+01
3.556509474218824352e+01
3.556348823243205004e+01
3.557770015672562636e+01
3.560794175743878043e+01
3.565426368950600278e+01
3.571655275842254440e+01
3.579453038977334955e+01
3.588775297267265074e+01
3.599561418234952015e+01
3.611734933805450254e+01
3.625204179264963500e+01
3.639863128195788278e+01
3.655592408876553634e+01
3.672260480319845044e+01
3.689724939410345428e+01
3.707833925187367186e+01
3.726427582877702349e+01
3.745339549445493077e+01
3.764398424635878371e+01
3.783429196941959560e+01
3.802254602485086821e+01
3.820696405962610953e+01
3.838576605714990109e+01
3.855718578409717878e+01
3.871948191428716513e+01
3.887094921291318173e+01
3.900993022936189192e+01
3.913482796255415508e+01
3.924411992151900819e+01
3.933637390327413641e+01
3.941026565349690003e+01
3.946459837256557535e+01
3.949832379568434959e+01
3.951056433095958198e+01
3.950063550637990062e+01
3.946806777934209975e+01
3.941262662262619187e+01
3.933432973632307039e+01
3.923346025750177546e+01
3.911057495165156439e+01
3.896650656659431178e+01
3.880235979651758527e+01
3.861950061969485404e+01
3.841953911207342287e+01
3.820430617197393985e+01
3.797582489157292684e+01
3.773627755566199227e+01
3.748796942082513795e+01
3.723329051984481453e+01
3.697467674610212640e+01
3.671457140760524851e+01
3.645538831256801160e+01
3.619947727456439424e+01
3.594909272336997930e+01
3.570636589561929242e+01
3.547328087349724512e+01
3.525165455305741347e+01
3.504312046612736253e+01
3.484911625718781636e+01
3.467087453175889067e+01
3.450941674539753024e+01
3.436554978971894059e+01
3.423986494939617131e+01
3.413273894605704584e+01
3.404433684471239019e+01
3.397461666861824625e+01
3.392333564187199357e+01
3.389005804817076495e+01
3.387416475191663068e+01
3.387486446774968840e+01
3.389120688111962210e+01
3.392209771158852760e+01
3.396631577000879787e+01
3.402253199071378020e+01
3.408933032330367752e+01
3.416523025134409863e+01
3.424871057602310032e+01
3.433823397269456024e+01
3.443227171010018139e+01
3.452932782927171473e+01
3.462796202414642011e+01
3.472681045885498463e+01
3.482460380370527275e+01
3.492018187438975474e+01
3.501250441268039992e+01
3.510065774221205714e+01
3.518385725562798427e+01
3.526144592188752824e+01
3.533288922605503046e+01
3.539776715016573405e+01
3.545576395709086626e+01
3.550665663802663374e+01
3.555030292164786943e+01
3.558662971779632045e+01
3.561562278462771758e+01
3.563731827362268945e+01
3.565179663331902304e+01
3.565917915372175884e+01
3.565962722369317817e+01
3.565334416761802316e+01
3.564057933853165849e+01
3.562163398401665404e+01
3.559686827734285686e+01
3.556670882547785340e+01
3.553165593056388616e+01
3.549228989196635808e+01
3.544927568885233882e+01
3.540336547272112711e+01
3.535539841768205349e+01
3.530629761459342575e+01
3.525706384400011473e+01
3.520876621299388631e+01
3.516252978452788369e+01
3.511952045773102071e+01
3.508092746963324515e+01
3.504794397962358943e+01
3.502174626695011028e+01
3.500347211920229284e+01
3.499419901768277441e+01
3.499492273622446703e+01
3.500653696587289687e+01
3.502981456122918047e+01
3.506539097686083295e+01
3.511375042494353238e+01
3.517521523815572948e+01
3.524993886380375585e+01
3.533790284433565887e+01
3.543891805329951694e+01
3.555263035164558971e+01
3.567853070452411401e+01
3.581596965174267666e+01
3.596417585578392107e+01
3.612227826211385207e+01
3.628933120291178227e+01
3.646434156643609015e+01
3.664629695292161671e+01
3.683419356057476790e+01
3.702706241082288585e+01
3.722399245039234472e+01
3.742414907778432820e+01
3.762678674843387228e+01
3.783125452533789002e+01
3.803699376112266606e+01
3.824352751483664292e+01
3.845044180393880850e+01
3.865735934196931822e+01
3.886390698136928279e+01
3.906967863081062831e+01
3.927419590785547854e+01
3.947686918278085244e+01
3.967696193340494659e+01
3.987356143405662579e+01
4.006555872067617230e+01
4.025164049162719238e+01
4.043029511185636693e+01
4.059983418926263710e+01
4.075843030358800689e+01
4.090417042504151368e+01
4.103512341874907321e+01
4.114941887088031791e+01
4.124533339152480949e+01
4.132137965887699949e+01
4.137639287956113776e+01
4.140960914492161749e+01
4.142073042274010675e+01
4.140997164913657258e+01
4.137808653012318416e+01
4.132637012400014953e+01
4.125663790753577587e+01
4.117118265966971080e+01
4.107271195690989884e+01
4.096427022222064096e+01
4.084915000844449651e+01
4.073079749007727912e+01
4.061271700285345077e+01
4.049837897623057614e+01
4.039113484833269041e+01
4.029414164827465328e+01
4.021029798513592368e+01
4.014219228728709510e+01
4.009206335681285793e+01
4.006177268112683976e+01
4.005278749255262483e+01
4.006617328188637117e+01
4.010259433534267259e+01
4.016232084981018602e+01
4.024524126050584272e+01
4.035087856065135981e+01
4.047840958092431407e+01
4.062668640783345353e+01
4.079425933992009590e+01
4.097940099759650678e+01
4.118013140797489768e+01
4.139424407324657551e+01
4.161933319364336370e+01
4.185282234719259975e+01
4.209199502128575432e+01
4.233402743793578082e+01
4.257602410785967351e+01
4.281505648130224273e+01
4.304820493084248767e+01
4.327260410163669491e+01
4.348549140081036057e+01
4.368425807938148608e+01
4.386650200377349051e+01
4.403008084379995779e+01
4.417316405098387122e+01
4.429428170116825214e+01
4.439236806624629139e+01
4.446679769649907144e+01
4.451741186480365542e+01
4.454453346158221194e+01
4.454896883301304911e+01
4.453199560445759175e+01
4.449533618823853232e+01
4.444111738755188412e+01
4.437181721597529815e+01
4.429020069384523595e+01
4.419924690537260403e+01
4.410206996486979136e+01
4.400183672703856530e+01
4.390168408564409930e+01
4.380463855668551787e+01
4.371354057049540387e+01
4.363097554457307581e+01
4.355921341955426840e+01
4.350015795413234798e+01
4.345530672108413484e+01
4.342572244341768339e+01
4.341201606113644829e+01
4.341434171668579012e+01
4.343240367224195353e+01
4.346547499978012752e+01
4.351242768882943324e+01
4.357177357386279226e+01
4.364171517850373760e+01
4.372020520476272765e+01
4.380501297533316318e+01
4.389379569489625510e+01
4.398417197647389543e+01
4.407379473556341054e+01
4.416042034589322895e+01
4.424197092844734414e+01
4.431658684730963671e+01
4.438266692612860709e+01
4.443889456348516376e+01
4.448424877076221406e+01
4.451800011361508069e+01
4.453969252237072851e+01
4.454911285681509270e+01
4.454625088286405798e+01
4.453125287611411665e+01
4.450437236866527968e+01
4.446592158715267118e+01
4.441622690425702302e+01
4.435559117726000267e+01
4.428426522437221990e+01
4.420242994906738687e+01
4.411018982237688135e+01
4.400757762780897764e+01
4.389456961231121568e+01
4.377110951169555619e+01
4.363713936523704007e+01
4.349263462947627090e+01
4.333764086552153572e+01
4.317230921842113389e+01
4.299692803226234616e+01
4.281194823983766895e+01
4.261800060820831249e+01
4.241590347716235954e+01
4.220666025322808679e+01
4.199144656914376128e+01
4.177158763870476577e+01
4.154852688571049413e+01
4.132378736875418923e+01
4.109892783899654489e+01
4.087549544814982738e+01
4.065497717454993420e+01
4.043875197348626926e+01
4.022804550852792715e+01
4.002388911143096095e+01
3.982708437660192402e+01
3.963817454516881611e+01
3.945742359013271994e+01
3.928480368690168945e+01
3.911999154423749303e+01
3.896237387429797394e+01
3.881106208742635033e+01
3.866491609579684052e+01
3.852257688858438200e+01
3.838250729169250519e+01
3.824304004446958061e+01
3.810243201884635056e+01
3.795892308589012032e+01
3.781079782211735107e+01
3.765644797112442177e+01
3.749443336737304122e+01
3.732353892061920675e+01
3.714282527923929678e+01
3.695167095688861991e+01
3.674980402431238957e+01
3.653732192543074575e+01
3.631469854637936123e+01
3.608277830618385451e+01
3.584275769678342982e+01
3.559615532348413325e+01
3.534477203352270180e+01
3.509064312917600148e+01
3.483598491646566941e+01
3.458313793190724539e+01
3.433450912589002257e+01
3.409251508460555158e+01
3.385952807568923362e+01
3.363782634384353543e+01
3.342954969984348423e+01
3.323666107367601086e+01
3.306091436738219613e+01
3.290382866417049712e+01
3.276666863745533220e+01
3.265043085847667470e+01
3.255583561923755553e+01
3.248332385890495999e+01
3.243305879368015354e+01
3.240493188810727077e+01
3.239857285543342158e+01
3.241336342259463521e+01
3.244845463023643362e+01
3.250278745103149447e+01
3.257511649463906878e+01
3.266403652258669865e+01
3.276801142235983377e+01
3.288540519187044708e+01
3.301451437141638223e+01
3.315360124125718499e+01
3.330092699205393103e+01
3.345478398656628372e+01
3.361352617758484485e+01
3.377559674052084659e+01
3.393955202734908028e+01
3.410408105503380938e+01
3.426801990409467891e+01
3.443036061397728531e+01
3.459025440873234203e+01
3.474700935263361856e+01
3.490008280198073720e+01
3.504906926729422167e+01
3.519368451185246727e+01
3.533374687372132428e+01
3.546915689922776949e+01
3.559987641146293669e+01
3.572590810823333385e+01
3.584727669493207713e+01
3.596401241786886516e+01
3.607613768417544975e+01
3.618365724854860588e+01
3.628655222836733429e+01
3.638477799029202231e+01
3.647826574537934619e+01
3.656692750643934176e+01
3.665066390919682959e+01
3.672937428385628067e+01
3.680296828946945453e+01
3.687137839103376535e+01
3.693457246691356488e+01
3.699256587797694351e+01
3.704543240373339330e+01
3.709331354714825579e+01
3.713642582024617411e+01
3.717506573853933816e+01
3.720961236585296916e+01
3.724052735577031825e+01
3.726835252707223844e+01
3.729370508574302079e+01
3.731727066502140389e+01
3.733979439908745945e+01
3.736207027809481929e+01
3.738492905584284642e+01
3.740922499987576089e+01
3.743582179001452204e+01
3.746557788703166381e+01
3.749933170882796674e+01
3.753788696622031296e+01
3.758199852233826732e+01
3.763235914591047759e+01
3.768958752629460918e+01
3.775421790392966415e+01
3.782669164138371798e+01
3.790735101550116326e+01
3.799643544944066065e+01
3.809408032481091055e+01
3.820031841991089294e+01
3.831508391260189228e+01
3.843821876897059298e+01
3.856948121613253733e+01
3.870855587476163606e+01
3.885506501074382157e+01
3.900858026322953265e+01
3.916863412659267851e+01
3.933473041514292134e+01
3.950635293058351039e+01
3.968297159107542882e+01
3.986404537360400724e+01
4.004902157173039967e+01
4.023733107870527448e+01
4.042837966683771356e+01
4.062153553848764886e+01
4.081611375749299953e+01
4.101135851281217981e+01
4.120642449509112026e+01
4.140035895517127074e+01
4.159208623310565400e+01
4.178039666911939776e+01
4.196394180846265698e+01
4.214123766918244485e+01
4.231067754165744788e+01
4.247055532761174845e+01
4.261909981362327926e+01
4.275451953484965628e+01
4.287505706089922342e+01
4.297905068644483606e+01
4.306500070733868313e+01
4.313163678997269557e+01
4.317798247834152647e+01
4.320341269936048434e+01
4.320770026948458309e+01
4.319104788917773874e+01
4.315410291258627495e+01
4.309795323563323421e+01
4.302410386209161430e+01
4.293443496910683166e+01
4.283114348166675711e+01
4.271667117222629173e+01
4.259362304584738723e+01
4.246468020691097678e+01
4.233251152281572871e+01
4.219968822955556931e+01
4.206860521576786738e+01
4.194141214210630153e+01
4.181995687052545208e+01
4.170574295496994210e+01
4.159990222907111956e+01
4.150318284951099912e+01
4.141595253213359484e+01
4.133821615647743641e+01
4.126964641163454672e+01
4.120962570990505469e+01
4.115729720622857712e+01
4.111162243928860249e+01
4.107144287036986441e+01
4.103554245988375015e+01
4.100270841182212678e+01
4.097178735220070678e+01
4.094173449818147503e+01
4.091165381518351296e+01
4.088082772834388123e+01
4.084873561429237299e+01
4.081506099859328174e+01
4.077968806573183258e+01
4.074268869509446489e+01
4.070430171898907190e+01
4.066490642259770283e+01
4.062499245408803716e+01
4.058512828809374895e+01
4.054593020660480818e+01
4.050803346021857720e+01
4.047206688973707145e+01
4.043863186567855195e+01
4.040828598139799510e+01
4.038153154808203738e+01
4.035880861245386342e+01
4.034049196688529548e+01
4.032689145400572528e+01
4.031825478303960608e+01
4.031477206569758920e+01
4.031658133343422179e+01
4.032377440019938319e+01
4.033640256902999255e+01
4.035448183060815097e+01
4.037799735217893016e+01
4.040690719307191614e+01
4.044114529840484096e+01
4.048062390839825753e+01
4.052523557336768789e+01
4.057485498325408457e+01
4.062934080767372080e+01
4.068853770245539181e+01
4.075227857786768482e+01
4.082038714989232631e+01
4.089268071732172416e+01
4.096897303259161305e+01
4.104907707104354841e+01
4.113280745861285936e+01
4.121998229704008310e+01
4.131042413186361273e+01
4.140395984257649786e+01
4.150041929482827641e+01
4.159963267735647463e+01
4.170142654516232739e+01
4.180561869726739843e+01
4.191201212307790058e+01
4.202038834650752364e+01
4.213050057268842608e+01
4.224206709083809841e+01
4.235476540328576078e+01
4.246822753212682500e+01
4.258203690185000312e+01
4.269572711206696880e+01
4.280878280559284121e+01
4.292064271243643248e+01
4.303070482031642285e+01
4.313833349841045361e+01
4.324286829408870858e+01
4.334363404176431800e+01
4.343995187547338332e+01
4.353115072562654575e+01
4.361657890473844645e+01
4.369561544187613578e+01
4.376768090238348918e+01
4.383224751668432617e+01
4.388884852683202098e+01
4.393708672947992255e+01
4.397664223871025513e+01
4.400727950495230090e+01
4.402885360511487534e+01
4.404131576741765031e+01
4.404471802065359753e+01
4.403921677422864889e+01
4.402507505721597880e+01
4.400266308710907026e+01
4.397245681542068496e+01
4.393503411738958420e+01
4.389106836112915033e+01
4.384131920578004582e+01
4.378662063078032674e+01
4.372786637629324957e+01
4.366599316168922940e+01
4.360196222684757572e+01
4.353673989269566391e+01
4.347127794822462477e+01
4.340649473066329733e+01
4.334325776790603157e+01
4.328236879705614371e+01
4.322455186405463223e+01
4.317044505454339998e+01
4.312059621577468960e+01
4.307546281553220524e+01
4.303541585934505065e+01
4.300074756435753898e+01
4.297168227911890881e+01
4.294838995443531360e+01
4.293100132131274904e+01
4.291962382653828456e+01
4.291435732148735127e+01
4.291530850000409458e+01
4.292260313869299893e+01
4.293639530651852709e+01
4.295687287556148704e+01
4.298425887285240776e+01
4.301880845279502807e+01
4.306080152652064186e+01
4.311053134261065622e+01
4.316828955656956879e+01
4.323434853869203920e+01
4.330894183814184828e+01
4.339224383490217463e+01
4.348434966434285798e+01
4.358525648918510598e+01
4.369484712237525059e+01
4.381287687725315294e+01
4.393896434700503306e+01
4.407258660482402490e+01
4.421307908241065121e+01
4.435964014156414947e+01
4.451134011630175991e+01
4.466713438565724203e+01
4.482587985352169824e+01
4.498635407317965473e+01
4.514727616931174481e+01
4.530732868418400727e+01
4.546517950804868491e+01
4.561950314208464619e+01
4.576900067632937663e+01
4.591241803162500901e+01
4.604856219721446564e+01
4.617631537647052653e+01
4.629464711499105078e+01
4.640262461300513763e+01
4.649942150681449249e+01
4.658432543618400956e+01
4.665674469632723742e+01
4.671621421016798337e+01
4.676240095946151598e+01
4.679510889611693614e+01
4.681428323333356190e+01
4.682001390541835661e+01
4.681253789887094285e+01
4.679224010555673630e+01
4.675965233715212577e+01
4.671545016932443417e+01
4.666044735044587100e+01
4.659558760529456833e+01
4.652193377870617041e+01
4.644065438576740945e+01
4.635300775232421699e+01
4.626032403226657408e+01
4.616398546871213426e+01
4.606540532041810110e+01
4.596600590132505459e+01
4.586719618188335090e+01
4.577034937991857788e+01
4.567678093206400547e+01
4.558772719079836122e+01
4.550432514345089174e+01
4.542759340411169688e+01
4.535841469205981014e+01
4.529751998459001072e+01
4.524547451999381309e+01
4.520266582845384562e+01
4.516929398380616334e+01
4.514536429516298455e+01
4.513068269055564485e+01
4.512485408002547160e+01
4.512728401670554490e+01
4.513718399410004878e+01
4.515358071796286055e+01
4.517532966369282832e+01
4.520113316734842357e+01
4.522956319411491677e+01
4.525908877886968895e+01
4.528810793974259497e+01
4.531498363248493888e+01
4.533808305182298426e+01
4.535581931223980945e+01
4.536669427630593532e+01
4.536934106879279938e+01
4.536256464554896439e+01
4.534537870183248032e+01
4.531703722463413442e+01
4.527705912835312319e+01
4.522524466319521252e+01
4.516168263927259119e+01
4.508674794371145111e+01
4.500108931105319243e+01
4.490560780114158490e+01
4.480142690453809706e+01
4.468985559763100213e+01
4.457234597966414213e+01
4.445044732372888774e+01
4.432575845659029312e+01
4.419988035237799551e+01
4.407437069627953719e+01
4.395070196659936101e+01
4.383022432043583905e+01
4.371413427365406079e+01
4.360344986145560853e+01
4.349899266941019960e+01
4.340137684929499784e+01
4.331100498768365270e+01
4.322807048197685020e+01
4.315256589937337139e+01
4.308429664809060000e+01
4.302289917506770678e+01
4.296786281859618839e+01
4.291855438661866629e+01
4.287424450145334021e+01
4.283413474976260460e+01
4.279738470330697453e+01
4.276313793173699196e+01
4.273054621281107757e+01
4.269879125600397174e+01
4.266710338876287523e+01
4.263477680515219959e+01
4.260118113721616595e+01
4.256576927194374349e+01
4.252808149276472705e+01
4.248774616602583620e+01
4.244447731311942107e+01
4.239806950297237620e+01
4.234839056482184105e+01
4.229537265736507834e+01
4.223900223940857046e+01
4.217930947273951858e+01
4.211635755488671151e+01
4.205023243292669122e+01
4.198103329443799936e+01
4.190886417218913351e+01
4.183382693803275032e+01
4.175601590028850296e+01
4.167551415791368896e+01
4.159239180332771468e+01
4.150670600275446276e+01
4.141850291731906708e+01
4.132782135942220236e+01
4.123469800767229287e+01
4.113917393173149861e+01
4.104130210899840847e+01
4.094115555243822513e+01
4.083883561814557339e+01
4.073448002762010844e+01
4.062827012796774540e+01
4.052043692682541121e+01
4.041126547946631575e+01
4.030109727279075571e+01
4.019033034189843079e+01
4.007941696459917580e+01
3.996885890065830438e+01
3.985920026772724611e+01
3.975101826633497382e+01
3.964491207401323436e+01
3.954149031681254201e+01
3.944135759015674125e+01
3.934510053737326274e+01
3.925327400279071099e+01
3.916638775860906918e+01
3.908489426418013579e+01
3.900917785752113076e+01
3.893954570715404628e+01
3.887622077319820590e+01
3.881933694517596933e+01
3.876893644462884225e+01
3.872496950682067762e+01
3.868729628988106128e+01
3.865569090300427035e+01
3.862984739810795531e+01
3.860938753124687395e+01
3.859387007011758897e+01
3.858280140093629029e+01
3.857564717051067049e+01
3.857184468627023932e+01
3.857081578742987915e+01
3.857197989373767655e+01
3.857476693414248814e+01
3.857862985628456443e+01
3.858305641929563734e+01
3.858757997753478719e+01
3.859178897225660876e+01
3.859533486257791424e+01
3.859793824731933398e+01
3.859939295623750866e+01
3.859956792376535617e+01
3.859840670155016085e+01
3.859592451863590412e+01
3.859220286062956262e+01
3.858738161172978920e+01
3.858164888550720661e+01
3.857522876034819603e+01
3.856836723097863739e+01
3.856131678480535641e+01
3.855432010619291816e+01
3.854759349756115228e+01
3.854131067707819369e+01
3.853558766227902055e+01
3.853046947099394970e+01
3.852591936014045615e+01
3.852181127508635683e+01
3.851792609499513986e+01
3.851395213243299054e+01
3.850949018053480444e+01
3.850406320275234862e+01
3.849713053591124634e+01
3.848810623694537014e+01
3.847638095971515071e+01
3.846134651527128767e+01
3.844242206264238604e+01
3.841908071384472123e+01
3.839087523143626157e+01
3.835746146213394780e+01
3.831861819428110039e+01
3.827426225337704579e+01
3.822445785522554473e+01
3.816941951065102501e+01
3.810950810314832182e+01
3.804522012032231260e+01
3.797717038757825492e+01
3.790606900358743303e+01
3.783269348865871251e+01
3.775785741026972175e+01
3.768237693111208131e+01
3.760703682683704585e+01
3.753255754224016272e+01
3.745956480030771019e+01
3.738856315680461506e+01
3.731991471472424848e+01
3.725382398950840468e+01
3.719032965849375216e+01
3.712930364623093737e+01
3.707045769933183266e+01
3.701335729740375058e+01
3.695744243724637101e+01
3.690205452344148540e+01
3.684646830918387650e+01
3.678992756857021362e+01
3.673168295998119959e+01
3.667103037587918379e+01
3.660734798385861666e+01
3.654013016189841068e+01
3.646901662796517485e+01
3.639381526420273616e+01
3.631451743415557587e+01
3.623130497362976854e+01
3.614454847873925303e+01
3.605479698812268907e+01
3.596275962583642638e+01
3.586928020228424430e+01
3.577530613155946781e+01
3.568185329055673805e+01
3.558996860329371970e+01
3.550069217850501957e+01
3.541502076501163998e+01
3.533387413106643749e+01
3.525806573995570403e+01
3.518827880661081764e+01
3.512504850116513211e+01
3.506875073581644386e+01
3.501959764848563594e+01
3.497763959443456372e+01
3.494277318555290179e+01
3.491475468381211300e+01
3.489321786555039040e+01
3.487769533037305081e+01
3.486764213500217124e+01
3.486246058990155205e+01
3.486152506533921525e+01
3.486420571264258683e+01
3.486989011273255556e+01
3.487800201227834407e+01
3.488801649025472074e+01
3.489947110432935773e+01
3.491197278568832019e+01
3.492520047009602990e+01
3.493890365983560287e+01
3.495289729458209393e+01
3.496705346030405792e+01
3.498129057790498564e+01
3.499556078461631614e+01
3.500983625137309474e+01
3.502409517149926899e+01
3.503830811503649301e+01
3.505242537530152447e+01
3.506636584659171518e+01
3.508000787103104301e+01
3.509318238431048798e+01
3.510566857947112140e+01
3.511719219875308795e+01
3.512742645873428415e+01
3.513599551558393586e+01
3.514248028685238268e+01
3.514642636522283681e+01
3.514735368953142824e+01
3.514476758078076557e+01
3.513817070768844530e+01
3.512707551947392659e+01
3.511101667489358391e+01
3.508956300734873679e+01
3.506232859682969405e+01
3.502898257011810301e+01
3.498925731945503514e+01
3.494295491395996578e+01
3.488995157347574860e+01
3.483020017631304910e+01
3.476373087506876658e+01
3.469064999255405013e+01
3.461113745727553237e+01
3.452544310971656927e+01
3.443388226242615957e+01
3.433683092512509205e+01
3.423472110822478953e+01
3.412803659306015192e+01
3.401730950481552895e+01
3.390311794608749807e+01
3.378608484839715942e+01
3.366687808057281472e+01
3.354621172333074242e+01
3.342484828673297415e+01
3.330360152086141312e+01
3.318333935999983453e+01
3.306498645661462632e+01
3.294952571201721980e+01
3.283799820205456399e+01
3.273150093161200402e+01
3.263118193038163639e+01
3.253823231943079719e+01
3.245387512495470617e+01
3.237935078051617666e+01
3.231589942849272035e+01
3.226474029140827327e+01
3.222704852149720978e+01
3.220393004195834408e+01
3.219639495925623862e+01
3.220533015013425171e+01
3.223147161177401898e+01
3.227537711498431605e+01
3.233739962818498270e+01
3.241766189671783138e+01
3.251603248183123185e+01
3.263210350140126792e+01
3.276517028453862679e+01
3.291421316762534843e+01
3.307788173016032118e+01
3.325448190091907463e+01
3.344196655824677578e+01
3.363793049491887643e+01
3.383961090048502030e+01
3.404389480395244050e+01
3.424733517712432018e+01
3.444617757324339635e+01
3.463639920836104835e+01
3.481376222329591741e+01
3.497388243743806413e+01
3.511231418424129913e+01
3.522465079376909358e+01
3.530663899344347101e+01
3.535430401791080612e+01
3.536408068887863720e+01
3.533294432680789754e+01
3.525853429466738476e+01
3.513926245073317745e+01
3.497439896157620609e+01
3.476412887778656113e+01
3.450957457703809439e+01
3.421278148930291962e+01
3.387666719256625925e+01
3.350493669320177759e+01
3.310196915765619252e+01
3.267268325705194343e+01
3.222238942803817707e+01
3.175663766232690932e+01
3.128106895432118861e+01
3.080127740206592790e+01
3.032268837772079806e+01
2.985045639005815232e+01
2.938938446914310987e+01
2.894386528623560650e+01
2.851784289699566699e+01
2.811479302107117562e+01
2.773771915222330620e+01
2.738916149778624387e+01
2.707121571809977922e+01
2.678555860894821450e+01
2.653347817670015729e+01
2.631590593796281041e+01
2.613344968559685810e+01
2.598642536572929274e+01
2.587488708246938884e+01
2.579865457479600721e+01
2.575733778764228532e+01
2.575035838612089023e+01
2.577696824117294483e+01
2.583626505166141740e+01
2.592720536777517992e+01
2.604861534920449273e+01
2.619919963399657092e+01
2.637754871464638384e+01
2.658214522040155359e+01
2.681136949188756802e+01
2.706350480848135120e+01
2.733674259267517570e+01
2.762918787132582210e+01
2.793886522376121917e+01
2.826372539414211360e+01
2.860165269350074979e+01
2.895047326893224593e+01
2.930796427683982230e+01
2.967186396681600158e+01
3.003988266468239487e+01
3.040971463812655529e+01
3.077905083537160280e+01
3.114559250372096244e+01
3.150706571623294749e+01
3.186123685534376193e+01
3.220592911519524648e+01
3.253904008274083992e+01
3.285856043505388158e+01
3.316259374182791930e+01
3.344937728538820210e+01
3.371730370623291151e+01
3.396494315427197819e+01
3.419106548221759567e+01
3.439466186902588873e+01
3.457496512157716495e+01
3.473146778719923589e+01
3.486393713362841140e+01
3.497242603050531784e+01
3.505727880817466513e+01
3.511913128114192517e+01
3.515890430460163429e+01
3.517779047573529283e+01
3.517723388306495735e+01
3.515890312750388347e+01
3.512465816456173684e+01
3.507651182383155231e+01
3.501658712620893255e+01
3.494707172206339152e+01
3.487017090161090493e+01
3.478806067604732277e+01
3.470284239601840426e+01
3.461650027076301228e+01
3.453086298985825664e+01
3.444757044601267637e+01
3.436804632872225085e+01
3.429347712063517406e+01
3.422479779436951475e+01
3.416268428703213544e+01
3.410755262885286498e+01
3.405956442391581618e+01
3.401863822516929758e+01
3.398446621149619062e+01
3.395653546004584911e+01
3.393415301129927997e+01
3.391647384781852992e+01
3.390253085229448260e+01
3.389126577985421562e+01
3.388156027809075965e+01
3.387226602051836011e+01
3.386223308872909143e+01
3.385033584691839081e+01
3.383549569805018820e+01
3.381670028842422937e+01
3.379301892759952608e+01
3.376361420090258036e+01
3.372774995706391366e+01
3.368479603786658316e+01
3.363423026483680189e+01
3.357563829732007576e+01
3.350871201832867285e+01
3.343324708625181785e+01
3.334914021479311685e+01
3.325638661912476834e+01
3.315507790710688596e+01
3.304540051810745638e+01
3.292763463792390866e+01
3.280215336572987184e+01
3.266942179460748719e+01
3.252999560347286234e+01
3.238451875161312898e+01
3.223371991752463117e+01
3.207840742447731230e+01
3.191946253353967222e+01
3.175783114364693560e+01
3.159451409838322888e+01
3.143055644131179349e+01
3.126703606918927392e+01
3.110505229291354112e+01
3.094571482297689613e+01
3.079013364921791407e+01
3.063941018953250861e+01
3.049462994976580887e+01
3.035685678172936974e+01
3.022712866447557545e+01
3.010645478189116986e+01
2.999581354189956173e+01
2.989615109053861630e+01
2.980837982531036090e+01
2.973337640939389814e+01
2.967197883004471848e+01
2.962498212531343000e+01
2.959313251457758298e+01
2.957711979981625916e+01
2.957756804484380808e+01
2.959502467804446724e+01
2.962994829108414052e+01
2.968269551424986119e+01
2.975350743351918936e+01
2.984249607261712356e+01
2.994963149470438069e+01
3.007473008406482862e+01
3.021744455032405696e+01
3.037725615884928843e+01
3.055346963353469647e+01
3.074521110435695448e+01
3.095142938375693120e+01
3.117090075477491240e+01
3.140223734182766435e+01
3.164389901453510490e+01
3.189420864952291623e+01
3.215137044930827415e+01
3.241349089715752996e+01
3.267860181916582007e+01
3.294468493726173364e+01
3.320969723665120910e+01
3.347159644448788640e+01
3.372836592726606142e+01
3.397803836361146779e+01
3.421871763435314762e+01
3.444859848698875027e+01
3.466598366770673323e+01
3.486929835948984646e+01
3.505710190691612382e+01
3.522809693492708760e+01
3.538113606976866521e+01
3.551522653840748944e+01
3.562953295488379268e+01
3.572337859951417727e+01
3.579624546489680625e+01
3.584777328980155886e+01
3.587775773869396545e+01
3.588614782169292994e+01
3.587304259689533836e+01
3.583868716141594746e+01
3.578346792293142187e+01
3.570790714989225734e+01
3.561265682212915351e+01
3.549849183772539618e+01
3.536630266847066650e+01
3.521708758646634863e+01
3.505194460125282774e+01
3.487206324538083635e+01
3.467871632511099023e+01
3.447325171388155951e+01
3.425708421452394958e+01
3.403168745950227958e+01
3.379858576546961757e+01
3.355934581775802883e+01
3.331556803914602938e+01
3.306887749989257230e+01
3.282091425386541061e+01
3.257332303645927141e+01
3.232774232861804364e+01
3.208579286999209756e+01
3.184906578410312505e+01
3.161911055024054562e+01
3.139742311256344465e+01
3.118543445035411210e+01
3.098449994095414439e+01
3.079588982781954698e+01
3.062078106228143426e+01
3.046025072322126448e+01
3.031527113987428024e+01
3.018670675623054933e+01
3.007531268810814140e+01
2.998173484260225763e+01
2.990651140000541375e+01
2.985007540487876554e+01
2.981275817865720157e+01
2.979479325233719678e+01
2.979632052424678790e+01
2.981739037306597595e+01
2.985796749741037104e+01
2.991793430674935905e+01
2.999709374991133259e+01
3.009517153232368614e+01
3.021181773683492011e+01
3.034660792115917616e+01
3.049904381394250308e+01
3.066855376825836998e+01
3.085449315406962256e+01
3.105614487901048903e+01
3.127272022003268859e+01
3.150336012838732458e+01
3.174713713939991777e+01
3.200305797963897447e+01
3.227006692103265806e+01
3.254704988819607792e+01
3.283283928565115417e+01
3.312621947943767253e+01
3.342593284596227221e+01
3.373068629213559433e+01
3.403915815618463370e+01
3.435000541802958907e+01
3.466187118042314097e+01
3.497339242433455553e+01
3.528320809003430014e+01
3.558996758338182786e+01
3.589233984828637603e+01
3.618902317395073709e+01
3.647875591212333291e+01
3.676032825881542010e+01
3.703259520219911138e+01
3.729449065179289846e+01
3.754504264523529145e+01
3.778338938375423339e+01
3.800879568601574476e+01
3.822066928649746842e+01
3.841857625597760517e+01
3.860225470659916169e+01
3.877162587993477416e+01
3.892680171806200917e+01
3.906808809394071602e+01
3.919598303017078678e+01
3.931116945804458851e+01
3.941450234704807087e+01
3.950699034703626467e+01
3.958977240498943218e+01
3.966409011768853077e+01
3.973125683460838786e+01
3.979262471024645009e+01
3.984955100740618406e+01
3.990336496637542041e+01
3.995533648174904329e+01
4.000664767882476269e+01
4.005836827112810283e+01
4.011143532979250637e+01
4.016663782611568934e+01
4.022460604222143843e+01
4.028580570091244795e+01
4.035053646063823152e+01
4.041893426684389112e+01
4.049097695378811324e+01
4.056649245316995689e+01
4.064516898461513961e+01
4.072656667075369796e+01
4.081013012493277614e+01
4.089520168830843261e+01
4.098103512921115765e+01
4.106680974504472914e+01
4.115164491054011364e+01
4.123461518363044576e+01
4.131476610324949661e+01
4.139113078868849271e+01
4.146274737999549131e+01
4.152867725093998530e+01
4.158802379274257532e+01
4.163995142406559324e+01
4.168370434843048855e+01
4.171862447176432198e+01
4.174416782527430314e+01
4.175991882307931036e+01
4.176560172497838153e+01
4.176108877086238635e+01
4.174640459658201053e+01
4.172172671810317013e+01
4.168738206428803039e+01
4.164383972990987104e+01
4.159170029174241279e+01
4.153168216713385164e+01
4.146460558666211682e+01
4.139137479642602102e+01
4.131295910337946253e+01
4.123037333621825695e+01
4.114465822584707411e+01
4.105686112653658881e+01
4.096801741470422797e+01
4.087913282822274397e+01
4.079116695352868049e+01
4.070501803479481850e+01
4.062150926901335879e+01
4.054137675903686500e+01
4.046525931633707529e+01
4.039369032737621978e+01
4.032709191227728240e+01
4.026577160281838275e+01
4.020992174140508979e+01
4.015962174914692895e+01
4.011484332848248613e+01
4.007545855669683732e+01
4.004125069751244581e+01
4.001192741821008525e+01
3.998713596124792247e+01
3.996647969503914766e+01
3.994953537113816111e+01
3.993587035556347331e+01
3.992505908818642979e+01
3.991669805949960903e+01
3.991041867696781509e+01
3.990589751655565465e+01
3.990286360712329383e+01
3.990110256084687279e+01
3.990045752461152517e+01
3.990082706895719866e+01
3.990216023902056719e+01
3.990444905734358372e+01
3.990771878917633586e+01
3.991201626180478002e+01
3.991739648200231727e+01
3.992390773681394478e+01
3.993157531256500192e+01
3.994038394566545946e+01
3.995025914424037694e+01
3.996104760414327473e+01
3.997249709091954628e+01
3.998423636576983853e+01
3.999575598351297145e+01
4.000639105947056606e+01
4.001530735765852143e+01
4.002149225680140177e+01
4.002375226346011061e+01
4.002071872477148418e+01
4.001086321501107079e+01
3.999252370956995151e+01
3.996394211205407743e+01
3.992331298040088683e+01
3.986884244480958017e+01
3.979881538668339402e+01
3.971166803808157653e+01
3.960606236475246078e+01
3.948095801608573652e+01
3.933567735538932197e+01
3.916995919073214338e+01
3.898399733676761514e+01
3.877846102823407648e+01
3.855449540156255495e+01
3.831370164367839237e+01
3.805809783032549376e+01
3.779006278774217265e+01
3.751226637611800641e+01
3.722759031274121355e+01
3.693904397826992181e+01
3.664967958474975518e+01
3.636251067891583233e+01
3.608043729252173648e+01
3.580618023361123647e+01
3.554222614028984850e+01
3.529078408068112793e+01
3.505375374723590198e+01
3.483270470348129066e+01
3.462886571562246019e+01
3.444312293876082975e+01
3.427602561147296711e+01
3.412779791737723656e+01
3.399835576811327797e+01
3.388732741859169550e+01
3.379407701456606361e+01
3.371773037059877964e+01
3.365720246394140247e+01
3.361122629185440758e+01
3.357838286573778674e+01
3.355713219812216153e+01
3.354584517437502456e+01
3.354283618927606625e+01
3.354639637179774070e+01
3.355482712497853726e+01
3.356647358039900553e+01
3.357975742038209432e+01
3.359320837051105713e+01
3.360549352754095054e+01
3.361544358154566936e+01
3.362207493394192426e+01
3.362460672010657703e+01
3.362247182728810202e+01
3.361532115958447520e+01
3.360302063838116737e+01
3.358564072724077221e+01
3.356343861597623146e+01
3.353683356529653992e+01
3.350637627407001418e+01
3.347271345942526466e+01
3.343654911255129036e+01
3.339860409289662613e+01
3.335957584033327805e+01
3.332010001577680214e+01
3.328071582893642955e+01
3.324183668481107645e+01
3.320372758781591216e+01
3.316649049356399104e+01
3.313005850138912933e+01
3.309419944171028760e+01
3.305852903586728786e+01
3.302253339674672361e+01
3.298560020329389175e+01
3.294705743247251917e+01
3.290621808658106318e+01
3.286242893767555984e+01
3.281512095642361260e+01
3.276385883618717543e+01
3.270838690010412364e+01
3.264866871872089149e+01
3.258491798535313677e+01
3.251761859558168055e+01
3.244753243586574598e+01
3.237569406431484254e+01
3.230339220865117511e+01
3.223213874802694789e+01
3.216362652240177766e+01
3.209967787046647913e+01
3.204218619595882700e+01
3.199305308502725964e+01
3.195412354832421542e+01
3.192712186418583542e+01
3.191359029066239827e+01
3.191483263793043079e+01
3.193186439159446977e+01
3.196537078727598313e+01
3.201567398164259970e+01
3.208271025442001445e+01
3.216601800530455790e+01
3.226473716173931905e+01
3.237762046165867247e+01
3.250305688836743911e+01
3.263910728244836434e+01
3.278355181454858069e+01
3.293394856217417299e+01
3.308770189960336694e+01
3.324213880932672538e+01
3.339459060309177119e+01
3.354247696491886899e+01
3.368338877185563263e+01
3.381516588527062339e+01
3.393596609857090129e+01
3.404432171467796309e+01
3.413918081324928977e+01
3.421993112038681772e+01
3.428640544331062756e+01
3.433886878249688124e+01
3.437798837336238478e+01
3.440478893006633143e+01
3.442059617415949901e+01
3.442697226853272952e+01
3.442564701541042638e+01
3.441844862386535198e+01
3.440723754449261662e+01
3.439384636327127964e+01
3.438002810925340924e+01
3.436741462696063820e+01
3.435748595167983410e+01
3.435155094942363263e+01
3.435073887487018141e+01
3.435600097955249765e+01
3.436812087876560184e+01
3.438773206251566705e+01
3.441534071322075761e+01
3.445135186909154612e+01
3.449609694481238620e+01
3.454986068714273983e+01
3.461290579753796948e+01
3.468549368921249254e+01
3.476790015082934104e+01
3.486042504761481098e+01
3.496339558378804213e+01
3.507716305576531113e+01
3.520209342082337400e+01
3.533855236917550968e+01
3.548688590024942613e+01
3.564739765240618397e+01
3.582032441062035844e+01
3.600581131494978848e+01
3.620388831425014331e+01
3.641444935759462709e+01
3.663723569468287167e+01
3.687182447089533355e+01
3.711762355708378180e+01
3.737387325323204834e+01
3.763965515432987274e+01
3.791390807425501208e+01
3.819545050143972276e+01
3.848300862651120724e+01
3.877524856107540785e+01
3.907081098817364051e+01
3.936834618218143333e+01
3.966654714287839312e+01
3.996417853493138495e+01
4.026009923127387680e+01
4.055327653525290543e+01
4.084279059495948871e+01
4.112782810092996044e+01
4.140766503837975421e+01
4.168163900019419543e+01
4.194911230525412549e+01
4.220942785761062055e+01
4.246186028090471609e+01
4.270556533398345778e+01
4.293953093308824265e+01
4.316253325796215989e+01
4.337310139541718002e+01
4.356949377004392687e+01
4.374968922529883741e+01
4.391139504774511693e+01
4.405207347414224728e+01
4.416898729363987997e+01
4.425926407651310512e+01
4.431997736663526410e+01
4.434824193102362955e+01
4.434131895533054291e+01
4.429672601939999055e+01
4.421234590337093096e+01
4.408652787871625378e+01
4.391817522170214971e+01
4.370681329598284748e+01
4.345263367326420934e+01
4.315651131642703575e+01
4.281999369705826552e+01
4.244526267369424488e+01
4.203507181525205993e+01
4.159266342603208244e+01
4.112167066541893945e+01
4.062601076949843559e+01
4.010977545560425739e+01
3.957712417244016478e+01
3.903218504732521410e+01
3.847896730827229561e+01
3.792128776040431859e+01
3.736271270098487918e+01
3.680651556763949372e+01
3.625564970079314264e+01
3.571273490173597764e+01
3.518005599079243240e+01
3.465957130209456949e+01
3.415292896385336263e+01
3.366148886945098440e+01
3.318634840691621690e+01
3.272837024645048842e+01
3.228821075650034800e+01
3.186634790321804900e+01
3.146310776685739796e+01
3.107868906806563558e+01
3.071318532814045454e+01
3.036660448479551633e+01
3.003888594627760256e+01
2.972991519132238381e+01
2.943953611144314308e+01
2.916756134755233276e+01
2.891378089793232320e+01
2.867796927282851271e+01
2.845989144679005278e+01
2.825930781820785498e+01
2.807597833157937117e+01
2.790966585738935279e+01
2.776013886268427555e+01
2.762717334775138767e+01
2.751055397559559879e+01
2.741007428515019839e+01
2.732553585935272267e+01
2.725674631716233876e+01
2.720351601483591253e+01
2.716565337563964633e+01
2.714295881690285484e+01
2.713521730631736872e+01
2.714218965245886395e+01
2.716360271414113470e+01
2.719913879578678717e+01
2.724842457789857875e+01
2.731102000937628205e+01
2.738640765822858825e+01
2.747398307536280271e+01
2.757304676840309199e+01
2.768279840419503302e+01
2.780233385460482864e+01
2.793064566493510981e+01
2.806662745245031942e+01
2.820908262974867853e+01
2.835673769154245605e+01
2.850826010432531987e+01
2.866228060102202591e+01
2.881741941656856909e+01
2.897231572028883662e+01
2.912565922667981511e+01
2.927622272126297531e+01
2.942289404758227533e+01
2.956470598906416924e+01
2.970086246466545532e+01
2.983075955178245309e+01
2.995400005548914990e+01
3.007040065023734954e+01
3.017999100814492763e+01
3.028300476739271119e+01
3.037986264990164997e+01
3.047114847285782346e+01
3.055757918030043641e+01
3.063997032220716576e+01
3.071919861203476998e+01
3.079616329267785702e+01
3.087174803840370529e+01
3.094678502769500739e+01
3.102202265569672690e+01
3.109809813419920843e+01
3.117551597064999314e+01
3.125463304213313265e+01
3.133565069864320307e+01
3.141861405154257270e+01
3.150341833367554401e+01
3.158982196069206694e+01
3.167746568108499616e+01
3.176589697783147415e+01
3.185459868116811677e+01
3.194302057560603814e+01
3.203061264246069584e+01
3.211685848107355667e+01
3.220130740716759021e+01
3.228360374415410661e+01
3.236351190900494856e+01
3.244093605092264454e+01
3.251593322583816814e+01
3.258871937447416656e+01
3.265966770258032881e+01
3.272929942063067443e+01
3.279826716536746289e+01
3.286733177462415512e+01
3.293733339849162434e+01
3.300915818581285066e+01
3.308370197151586467e+01
3.316183249922860909e+01
3.324435174243694746e+01
3.333195983881611113e+01
3.342522203322617713e+01
3.352453984528271747e+01
3.363012744950943045e+01
3.374199399317504344e+01
3.385993229305586283e+01
3.398351406215495274e+01
3.411209153603088851e+01
3.424480511156806983e+01
3.438059639467019935e+01
3.451822589271118602e+01
3.465629449569161125e+01
3.479326787578882829e+01
3.492750300074528269e+01
3.505727609617367335e+01
3.518081158937366126e+01
3.529631179679606845e+01
3.540198734479340459e+01
3.549608849996150184e+01
3.557693769272361806e+01
3.564296351372549765e+01
3.569273632754254777e+01
3.572500538039309248e+01
3.573873689724613456e+01
3.573315220940881431e+01
3.570776448485483456e+01
3.566241221986671661e+01
3.559728736314966824e+01
3.551295584378738823e+01
3.541036840288732890e+01
3.529085999690903463e+01
3.515613662651480809e+01
3.500824919442599281e+01
3.484955483052035419e+01
3.468266695052818704e+01
3.451039604550593509e+01
3.433568375690230567e+01
3.416153312606211045e+01
3.399093799817813988e+01
3.382681442095623225e+01
3.367193654571412509e+01
3.352887906896597769e+01
3.339996770892298628e+01
3.328723865489607192e+01
3.319240740991624961e+01
3.311684700543287363e+01
3.306157522330899212e+01
3.302725022107237152e+01
3.301417381556618125e+01
3.302230162276418213e+01
3.305125925709528190e+01
3.310036383950251349e+01
3.316865012749745745e+01
3.325490064304954529e+01
3.335767921959351412e+01
3.347536740688943979e+01
3.360620315637741129e+01
3.374832115994941972e+01
3.389979413693477994e+01
3.405867426760831052e+01
3.422303387065873181e+01
3.439100433341484830e+01
3.456081224475633462e+01
3.473081166797878439e+01
3.489951153765490233e+01
3.506559727873869292e+01
3.522794592907586519e+01
3.538563429189461118e+01
3.553793993923476791e+01
3.568433521098089756e+01
3.582447468348549791e+01
3.595817689157996000e+01
3.608540135437313268e+01
3.620622215896105445e+01
3.632079948334408215e+01
3.642935048391044717e+01
3.653212093450111553e+01
3.662935889056711858e+01
3.672129147569200569e+01
3.680810566462771760e+01
3.688993368444236154e+01
3.696684339080569259e+01
3.703883371585115469e+01
3.710583504112670994e+01
3.716771413465505702e+01
3.722428311273097279e+01
3.727531174936774505e+01
3.732054236098128541e+01
3.735970644016722275e+01
3.739254219739905949e+01
3.741881218869821879e+01
3.743832025532506691e+01
3.745092707240054608e+01
3.745656369129424945e+01
3.745524256040351929e+01
3.744706561633758213e+01
3.743222914934331413e+01
3.741102526094525160e+01
3.738383984690815964e+01
3.735114715385680029e+01
3.731350107225419066e+01
3.727152344052418442e+01
3.722588974270755102e+01
3.717731268208116546e+01
3.712652420177558099e+01
3.707425659624070136e+01
3.702122341002170458e+01
3.696810084874179125e+01
3.691551042836549357e+01
3.686400356089193053e+01
3.681404871720263117e+01
3.676602172194237994e+01
3.672019962352278810e+01
3.667675844830130671e+01
3.663577499642289581e+01
3.659723267326791074e+01
3.656103118115623118e+01
3.652699972770415826e+01
3.649491324724194641e+01
3.646451098747231612e+01
3.643551669258800274e+01
3.640765952350515988e+01
3.638069480195619576e+01
3.635442365269386045e+01
3.632871064966456487e+01
3.630349864777182489e+01
3.627882009888128323e+01
3.625480430313886160e+01
3.623168022592393100e+01
3.620977470625454941e+01
3.618950608252104217e+01
3.617137345437182461e+01
3.615594197485702210e+01
3.614382471606629110e+01
3.613566176876147296e+01
3.613209731923941348e+01
3.613375549519246022e+01
3.614121578951084501e+01
3.615498886146548330e+01
3.617549348414273425e+01
3.620303536106916198e+01
3.623778847863673747e+01
3.627977959787077111e+01
3.632887642122746996e+01
3.638477989762659348e+01
3.644702105031072392e+01
3.651496262458918807e+01
3.658780575254525047e+01
3.666460171580585126e+01
3.674426875267943160e+01
3.682561370110566656e+01
3.690735809498048070e+01
3.698816814249146034e+01
3.706668781839527327e+01
3.714157410828799755e+01
3.721153326540655115e+01
3.727535679495567678e+01
3.733195578368912493e+01
3.738039215874702847e+01
3.741990550179480834e+01
3.744993416957398580e+01
3.747012968070643524e+01
3.748036361404254535e+01
3.748072661135368122e+01
3.747151946527327482e+01
3.745323667565670434e+01
3.742654324516913533e+01
3.739224582975523958e+01
3.735125963708749453e+01
3.730457265751742568e+01
3.725320890646303695e+01
3.719819235175314986e+01
3.714051309919592825e+01
3.708109722606093328e+01
3.702078140150986485e+01
3.696029313428447693e+01
3.690023716103575424e+01
3.684108815281052784e+01
3.678318958997871135e+01
3.672675835265526700e+01
3.667189430741349554e+01
3.661859395244805881e+01
3.656676702077616881e+01
3.651625484089721851e+01
3.646684922069831458e+01
3.641831065500108622e+01
3.637038475892109801e+01
3.632281599393822091e+01
3.627535797363438519e+01
3.622777990036724560e+01
3.617986897841982596e+01
3.613142895645222552e+01
3.608227525364164734e+01
3.603222740028516569e+01
3.598109975591880527e+01
3.592869163897601936e+01
3.587477809736856926e+01
3.581910255874828408e+01
3.576137251701858588e+01
3.570125923783752597e+01
3.563840220635422185e+01
3.557241870759975200e+01
3.550291854259158697e+01
3.542952346614643488e+01
3.535189051555669693e+01
3.526973801595896418e+01
3.518287273253385194e+01
3.509121642330529056e+01
3.499482995480499881e+01
3.489393319200656407e+01
3.478891906677497303e+01
3.468036055437976728e+01
3.456900972010226525e+01
3.445578850061711762e+01
3.434177141306857095e+01
3.422816089185386801e+01
3.411625639594056025e+01
3.400741877369480193e+01
3.390303159568584590e+01
3.380446126076411417e+01
3.371301765236565018e+01
3.362991698705503296e+01
3.355624827986325442e+01
3.349294457851731721e+01
3.344075981832406086e+01
3.340025184500858302e+01
3.337177186271551932e+01
3.335546030121176386e+01
3.335124886704156211e+01
3.335886835041750231e+01
3.337786160239009092e+01
3.340760097321670941e+01
3.344730941054882578e+01
3.349608435347543178e+01
3.355292352508264742e+01
3.361675172247304744e+01
3.368644773000771409e+01
3.376087053937668259e+01
3.383888414817072032e+01
3.391938032405590064e+01
3.400129885905874971e+01
3.408364498991009839e+01
3.416550381583136442e+01
3.424605169336071953e+01
3.432456471764910333e+01
3.440042450140340691e+01
3.447312152935738538e+01
3.454225639460735664e+01
3.460753921443617998e+01
3.466878748267723154e+01
3.472592255216942903e+01
3.477896486585546398e+01
3.482802798106037301e+01
3.487331137041338280e+01
3.491509194469748678e+01
3.495371423439069503e+01
3.498957919064042699e+01
3.502313162160096738e+01
3.505484636136954180e+01
3.508521336804614066e+01
3.511472205461334539e+01
3.514384526049616397e+01
3.517302336226994441e+01
3.520264908974369433e+01
3.523305365112532428e+01
3.526449477289729373e+01
3.529714722328900933e+01
3.533109631175229026e+01
3.536633474141253686e+01
3.540276303965610794e+01
3.544019360829228305e+01
3.547835822574736397e+01
3.551691860876177742e+01
3.555547941228326891e+01
3.559360282900389905e+01
3.563082376237667859e+01
3.566666440890688961e+01
3.570064701717221567e+01
3.573230361045000336e+01
3.576118158039078310e+01
3.578684428694083408e+01
3.580886613130000029e+01
3.582682199005819257e+01
3.584027138507605059e+01
3.584873828113568095e+01
3.585168791105501640e+01
3.584850248155757413e+01
3.583845796870291167e+01
3.582070442900788976e+01
3.579425229859280932e+01
3.575796700481541279e+01
3.571057386235587927e+01
3.565067467262025502e+01
3.557677671226489480e+01
3.548733392240300333e+01
3.538079915217713989e+01
3.525568534384901653e+01
3.511063265966476621e+01
3.494447783754188919e+01
3.475632161195095904e+01
3.454558991875136087e+01
3.431208485715108480e+01
3.405602200542695357e+01
3.377805163002280153e+01
3.347926249717881575e+01
3.316116826728473654e+01
3.282567768545384013e+01
3.247505084504317807e+01
3.211184458850939905e+01
3.173885055818112022e+01
3.135902950263711730e+01
3.097544521302201304e+01
3.059120097503923219e+01
3.020938076597381894e+01
2.983299669773595397e+01
2.946494349462800955e+01
2.910796016828422239e+01
2.876459855837191881e+01
2.843719806805320260e+01
2.812786573807266421e+01
2.783846075625108085e+01
2.757058256314506295e+01
2.732556185790596714e+01
2.710445399914584641e+01
2.690803450542263775e+01
2.673679656549726502e+01
2.659095065223364784e+01
2.647042648367103723e+01
2.637487768251534348e+01
2.630368954640010770e+01
2.625599035331179110e+01
2.623066658871752566e+01
2.622638239380076897e+01
2.624160340019204440e+01
2.627462494044017660e+01
2.632360441302751042e+01
2.638659734737625229e+01
2.646159647302268780e+01
2.654657286597612753e+01
2.663951804396890566e+01
2.673848573034081610e+01
2.684163192060416492e+01
2.694725187827451052e+01
2.705381276242908584e+01
2.715998074581141708e+01
2.726464170835832945e+01
2.736691486930902073e+01
2.746615902962388134e+01
2.756197141173729648e+01
2.765417938347553317e+01
2.774282561894209209e+01
2.782814746853376420e+01
2.791055147646152435e+01
2.799058409652394985e+01
2.806889971938656103e+01
2.814622714419256155e+01
2.822333561206723473e+01
2.830100147665373100e+01
2.837997652333661591e+01
2.846095886820159038e+01
2.854456727174202157e+01
2.863131959069389865e+01
2.872161596284966834e+01
2.881572717268652184e+01
2.891378847923036588e+01
2.901579900240592025e+01
2.912162656312780129e+01
2.923101766129591539e+01
2.934361206336710737e+01
2.945896126871932807e+01
2.957654994508044410e+01
2.969581928222503109e+01
2.981619112364365876e+01
2.993709170920471152e+01
3.005797390498072730e+01
3.017833691073260738e+01
3.029774261580518413e+01
3.041582800854399338e+01
3.053231331518661307e+01
3.064700582985013355e+01
3.075979967431674567e+01
3.087067197224524406e+01
3.097967611793922416e+01
3.108693295088328767e+01
3.119262070640635187e+01
3.129696459939000874e+01
3.140022681764841295e+01
3.150269756550622802e+01
3.160468762101800166e+01
3.170652266915259432e+01
3.180853946556327827e+01
3.191108368783929450e+01
3.201450915794102769e+01
3.211917798259512580e+01
3.222546106616378836e+01
3.233373840768378926e+01
3.244439860150857413e+01
3.255783701686872433e+01
3.267445223010346211e+01
3.279464041605919533e+01
3.291878756198872225e+01
3.304725953684797446e+01
3.318039021952800027e+01
3.331846805019486624e+01
3.346172150975992565e+01
3.361030414564380209e+01
3.376427984167454355e+01
3.392360907266731829e+01
3.408813688856079693e+01
3.425758333933831068e+01
3.443153698219377645e+01
3.460945200948729195e+01
3.479064940382371418e+01
3.497432236971116737e+01
3.515954611516846029e+01
3.534529186777347576e+01
3.553044481555095047e+01
3.571382547261692508e+01
3.589421379265984768e+01
3.607037520105658501e+01
3.624108759985873718e+01
3.640516832952902604e+01
3.656150005579766571e+01
3.670905459488329825e+01
3.684691379684337420e+01
3.697428677112401374e+01
3.709052295111727915e+01
3.719512074117142930e+01
3.728773175131196638e+01
3.736816088063268637e+01
3.743636273817890725e+01
3.749243507029851230e+01
3.753660998011142169e+01
3.756924376809129029e+01
3.759080619004787849e+01
3.760186982484586338e+01
3.760310008089498268e+01
3.759524616555417964e+01
3.757913311686040458e+01
3.755565477588103818e+01
3.752576738319496741e+01
3.749048333412057588e+01
3.745086453880071531e+01
3.740801481306920095e+01
3.736307077490186401e+01
3.731719083288947303e+01
3.727154201514810694e+01
3.722728458251557981e+01
3.718555457946041543e+01
3.714744468034964342e+01
3.711398386996023646e+01
3.708611664128365959e+01
3.706468249125555303e+01
3.705039654147410744e+01
3.704383210633780976e+01
3.704540597928289714e+01
3.705536711564057839e+01
3.707378926634782346e+01
3.710056796911973009e+01
3.713542214120153062e+01
3.717790034812192346e+01
3.722739165263829619e+01
3.728314078304598667e+01
3.734426720527772403e+01
3.740978754337905343e+01
3.747864067243108366e+01
3.754971471107533887e+01
3.762187507151242016e+01
3.769399268673179648e+01
3.776497153045455235e+01
3.783377457622296447e+01
3.789944740799312939e+01
3.796113879332870766e+01
3.801811765774473884e+01
3.806978604899192220e+01
3.811568784570736312e+01
3.815551313753192630e+01
3.818909837476503100e+01
3.821642254639210279e+01
3.823759978815445493e+01
3.825286894074091038e+01
3.826258066719768891e+01
3.826718279500423847e+01
3.826720457040085677e+01
3.826324050061300852e+01
3.825593441530146066e+01
3.824596430502895572e+01
3.823402839622594485e+01
3.822083280468186928e+01
3.820708097959494154e+01
3.819346501508632485e+01
3.818065877372641381e+01
3.816931264507876875e+01
3.816004965927000825e+01
3.815346259802534234e+01
3.815011169894493293e+01
3.815052253657225378e+01
3.815518368716550413e+01
3.816454384151602852e+01
3.817900811743275824e+01
3.819893343389833262e+01
3.822462293363040686e+01
3.825631956974261527e+01
3.829419909479889839e+01
3.833836279663808710e+01
3.838883040609237440e+01
3.844553365043013571e+01
3.850831093900924174e+01
3.857690364326387567e+01
3.865095437391504163e+01
3.873000756928043131e+01
3.881351259734989156e+01
3.890082945033681483e+01
3.899123698417372452e+01
3.908394353740983007e+01
3.917809966372047370e+01
3.927281263728227856e+01
3.936716234524341473e+01
3.946021816753547284e+01
3.955105645864848896e+01
3.963877828244340407e+01
3.972252710044043766e+01
3.980150616542861286e+01
3.987499541466298325e+01
3.994236768087287714e+01
4.000310403848254026e+01
4.005680807495711804e+01
4.010321882622250911e+01
4.014222204883684952e+01
4.017385943223784039e+01
4.019833529659446469e+01
4.021602029045306637e+01
4.022745161031348005e+01
4.023332932010944774e+01
4.023450845509558604e+01
4.023198674810038256e+01
4.022688800640094087e+01
4.022044137939414554e+01
4.021395697239114497e+01
4.020879846109099276e+01
4.020635352709617649e+01
4.020800305346443793e+01
4.021509008215419101e+01
4.022888953948152135e+01
4.025057968405332076e+01
4.028121613135782297e+01
4.032170917076870609e+01
4.037280492629253104e+01
4.043507073427822718e+01
4.050888493082963748e+01
4.059443106837126436e+01
4.069169642216196081e+01
4.080047450891927241e+01
4.092037122474192756e+01
4.105081412051166012e+01
4.119106427134710913e+01
4.134023016332134404e+01
4.149728301593010826e+01
4.166107298252929780e+01
4.183034572207549218e+01
4.200375891159098529e+01
4.217989836558029992e+01
4.235729353967236221e+01
4.253443231218746945e+01
4.270977504811389025e+01
4.288176804263844133e+01
4.304885650315888057e+01
4.320949724826184735e+01
4.336217127150958106e+01
4.350539623451106763e+01
4.363773882236478840e+01
4.375782672823123676e+01
4.386435985407935334e+01
4.395612015030903308e+01
4.403197940117379972e+01
4.409090422915055996e+01
4.413195766809759846e+01
4.415429686017536426e+01
4.415716676753368830e+01
4.413989024014210827e+01
4.410185530911694940e+01
4.404250112520893623e+01
4.396130446556634297e+01
4.385776911253964272e+01
4.373142059249888547e+01
4.358180868895359339e+01
4.340851977320121335e+01
4.321120031822421481e+01
4.298959200516970469e+01
4.274357766345427478e+01
4.247323601001920679e+01
4.217890190568193276e+01
4.186122777929760019e+01
4.152124113434682329e+01
4.116039277411999109e+01
4.078059064011488744e+01
4.038421496685396761e+01
3.997411175280820572e+01
3.955356319711696500e+01
3.912623556620304299e+01
3.869610671831548387e+01
3.826737702181177525e+01
3.784436849161365046e+01
3.743141754208066629e+01
3.703276679607763811e+01
3.665246095564594242e+01
3.629425094244197680e+01
3.596150950068791730e+01
3.565716037156600038e+01
3.538362212773707682e+01
3.514276689843287471e+01
3.493589357700955134e+01
3.476371470109140915e+01
3.462635601291194121e+01
3.452336770087346451e+01
3.445374643359627242e+01
3.441596745935082424e+01
3.440802619311065769e+01
3.442748879537422368e+01
3.447155122005007399e+01
3.453710604968051001e+01
3.462081614248172912e+01
3.471919370664797100e+01
3.482868293417058680e+01
3.494574382852099603e+01
3.506693441982164927e+01
3.518898825320869861e+01
3.530888392975889900e+01
3.542390362546972682e+01
3.553167793565646804e+01
3.563021507932011644e+01
3.571791340514410962e+01
3.579355719185472395e+01
3.585629683374234844e+01
3.590561554206089312e+01
3.594128557541851876e+01
3.596331765580706019e+01
3.597190757700008135e+01
3.596738404482029239e+01
3.595016151051853370e+01
3.592070120146384937e+01
3.587948276959443916e+01
3.582698803300543489e+01
3.576369725259396404e+01
3.569009733983774169e+01
3.560670040907859857e+01
3.551407023997410306e+01
3.541285356754511326e+01
3.530381272090046707e+01
3.518785602207827168e+01
3.506606254516162835e+01
3.493969830720358516e+01
3.481022167214913310e+01
3.467927662657202603e+01
3.454867354258493606e+01
3.442035798172903327e+01
3.429636892179048147e+01
3.417878843119835608e+01
3.406968522438915414e+01
3.397105468935067307e+01
3.388475790005681887e+01
3.381246185300947360e+01
3.375558275871230052e+01
3.371523374506227100e+01
3.369217786007101267e+01
3.368678685849374688e+01
3.369900597075993431e+01
3.372832471720191450e+01
3.377375386267189583e+01
3.383380880472980579e+01
3.390650003242484445e+01
3.398933174269646429e+01
3.407931019818963847e+01
3.417296387499052912e+01
3.426637778555488723e+01
3.435524446379423580e+01
3.443493385814172569e+01
3.450058370223307946e+01
3.454721076617320819e+01
3.456984173941791738e+01
3.456366044664752479e+01
3.452416583341187106e+01
3.444733295312451560e+01
3.432976738097697478e+01
3.416884242868874111e+01
3.396280853873378902e+01
3.371086547330880023e+01
3.341319037174280737e+01
3.307091820925452907e+01
3.268607523917928148e+01
3.226147010741185994e+01
3.180055093753988515e+01
3.130723932897656070e+01
3.078575359056807770e+01
3.024043356566721386e+01
2.967557821696611953e+01
2.909530501522402091e+01
2.850343748577247993e+01
2.790342438957699400e+01
2.729829127811845879e+01
2.669062280046189173e+01
2.608257229389311505e+01
2.547589390442774615e+01
2.487199174141808911e+01
2.427198031114611965e+01
2.367675061824584759e+01
2.308703678773614953e+01
2.250347876514842937e+01
2.192667752470000053e+01
2.135724018775126254e+01
2.079581346116309248e+01
2.024310478551469217e+01
1.969989147844976074e+01
1.916701891827360171e+01
1.864538939890645253e+01
1.813594367698632581e+01
1.763963742118745870e+01
1.715741477670408699e+01
1.669018110377550101e+01
1.623877667815341042e+01
1.580395279835412481e+01
1.538635137313551482e+01
1.498648870068701378e+01
1.460474382709582919e+01
1.424135160363608321e+01
1.389640035768999482e+01
1.356983394896357531e+01
1.326145789259695107e+01
1.297094918102273553e+01
1.269786941246443668e+01
1.244168082168946654e+01
1.220176479610826448e+01
1.197744243902977068e+01
1.176799670748144244e+01
1.157269560451588220e+01
1.139081584955548188e+01
1.122166639275237365e+01
1.106461109062152026e+01
1.091908983134033306e+01
1.078463739939352273e+01
1.066089940861088259e+01
1.054764471422627459e+01
1.044477383772133550e+01
1.035232309713945398e+01
1.027046431982699914e+01
1.019950021024808784e+01
1.013985563694946457e+01
1.009206527453494573e+01
1.005675817552273976e+01
1.003463994394131831e+01
1.002647323301937377e+01
1.003305729390798540e+01
1.005520726609469229e+01
1.009373383148693293e+01
1.014942376348908049e+01
1.022302180068245114e+01
1.031521417198430512e+01
1.042661400456029419e+01
1.055774876293239295e+01
1.070904980057033207e+01
1.088084405410850586e+01
1.107334787336415616e+01
1.128666295416313581e+01
1.152077432136115753e+01
1.177555029197469949e+01
1.205074432908932991e+01
1.234599867331196066e+01
1.266084960852968955e+01
1.299473418284185833e+01
1.334699816562768149e+01
1.371690498116491064e+01
1.410364532246754088e+01
1.450634712101203583e+01
1.492408553354392886e+01
1.535589261008865058e+01
1.580076633000624220e+01
1.625767873583203027e+01
1.672558295596470401e+01
1.720341898315352225e+01
1.769011816066705123e+01
1.818460641541531331e+01
1.868580636029092901e+01
1.919263846027322273e+01
1.970402151332018548e+01
2.021887273441775434e+01
2.073610774799120549e+01
2.125464079073787715e+01
2.177338540590325522e+01
2.229125587421616572e+01
2.280716957965212899e+01
2.332005045324664394e+01
2.382883357801998514e+01
2.433247097449887875e+01
2.482993852027233217e+01
2.532024388888436661e+01
2.580243532349386726e+01
2.627561099004556411e+01
2.673892858528843419e+01
2.719161481051633444e+01
2.763297426773196364e+01
2.806239729777108138e+01
2.847936626716983355e+01
2.888345982926635358e+01
2.927435474067587862e+01
2.965182490958034478e+01
3.001573748621928672e+01
3.036604597331046662e+01
3.070278052542979452e+01
3.102603580864802879e+01
3.133595698955119602e+01
3.163272459981710583e+01
3.191653916307946659e+01
3.218760656128477393e+01
3.244612514781374557e+01
3.269227557802139472e+01
3.292621422268958753e+01
3.314807085877713178e+01
3.335795110165216215e+01
3.355594376451114869e+01
3.374213301833189860e+01
3.391661489704821975e+01
3.407951736786697694e+01
3.423102288778433433e+01
3.437139211705704867e+01
3.450098728034447504e+01
3.462029357519791972e+01
3.472993703911023999e+01
3.483069740673873582e+01
3.492351471556873577e+01
3.500948873894994762e+01
3.508987071869623975e+01
3.516604730645451582e+01
3.523951707045434745e+01
3.531186034781475058e+01
3.538470359103880725e+01
3.545967964577378240e+01
3.553838558922687696e+01
3.562233984851447843e+01
3.571294030887069937e+01
3.581142502410137496e+01
3.591883697242538176e+01
3.603599407902945728e+01
3.616346547145410995e+01
3.630155466250587892e+01
3.645029008169061768e+01
3.660942311047720921e+01
3.677843352601556859e+01
3.695654202675368794e+01
3.714272930480957768e+01
3.733576094658486255e+01
3.753421728783141020e+01
3.773652722555773664e+01
3.794100490043525298e+01
3.814588811308386340e+01
3.834937732804463195e+01
3.854967415077184967e+01
3.874501823355748087e+01
3.893372167129207639e+01
3.911420008043342733e+01
3.928499970601075830e+01
