5.266049499999999739e+01
5.243498266666666296e+01
5.370557549999999480e+01
5.497616833333333375e+01
5.418829600000000113e+01
5.980742350000000584e+01
6.542655100000000346e+01
7.104567850000000817e+01
6.706191912500000285e+01
6.307815975000000464e+01
5.909440037500000642e+01
5.511064100000000110e+01
5.759491799999999984e+01
5.337984600000000057e+01
5.250574166666666542e+01
5.163163733333333028e+01
5.075753299999999513e+01
5.104318719999999843e+01
5.132884140000000173e+01
5.161449559999999792e+01
5.190014980000000122e+01
5.218580400000000452e+01
4.953232950000000301e+01
4.646641082142857471e+01
4.340049214285714640e+01
4.033457346428571100e+01
3.726865478571428980e+01
3.420273610714285439e+01
3.113681742857142609e+01
2.807089874999999779e+01
2.410982220000000353e+01
2.222216149999999857e+01
2.182651679166666625e+01
2.143087208333333393e+01
2.103522737499999806e+01
2.063958266666666574e+01
1.881384324999999791e+01
2.031703849999999889e+01
2.045906999999999698e+01
1.900800724999999858e+01
1.717650994444444379e+01
1.534501263888888722e+01
1.351351533333333244e+01
1.355373119999999787e+01
1.382509742857142676e+01
1.380676025000000173e+01
1.511211500000000107e+01
1.847062224999999813e+01
2.143340033333333494e+01
2.377704250000000030e+01
2.612068466666666566e+01
2.564322199999999796e+01
2.686808033333333512e+01
2.577636659999999935e+01
2.577583824999999962e+01
2.994366662499999876e+01
3.411149499999999790e+01
3.232006475000000023e+01
3.139601499999999845e+01
3.497784199999999544e+01
3.456384450000000186e+01
2.732904866666666521e+01
2.734778649999999800e+01
3.119485725000000187e+01
3.504192800000000574e+01
3.219320799999999849e+01
3.136779033333333544e+01
3.059044800000000208e+01
3.147574875000000105e+01
3.236104950000000002e+01
3.734440449999999601e+01
3.624004200000000253e+01
3.786366625000000141e+01
3.948729050000000029e+01
3.816097299999999848e+01
3.957414539999999903e+01
4.098731779999999958e+01
4.240049020000000013e+01
4.381366260000000068e+01
4.522683500000000123e+01
4.394900299999999760e+01
4.630269166666666791e+01
4.865638033333333823e+01
5.143547866666666835e+01
5.421457699999999846e+01
5.699367533333332858e+01
5.642787466666666774e+01
5.586207399999999978e+01
5.341184849999999784e+01
5.257134650000000420e+01
5.300948030000000699e+01
5.344761410000000268e+01
5.388574790000000547e+01
5.432388170000000116e+01
5.476201550000000395e+01
5.189104100000000130e+01
4.902006649999999865e+01
5.029269266666666738e+01
5.156531883333332900e+01
5.283794499999999772e+01
5.319073199999999702e+01
4.370841333333333267e+01
4.740919866666666849e+01
5.110998399999999720e+01
4.860222399999999965e+01
5.073598574999999755e+01
5.286974750000000256e+01
5.500350925000000046e+01
5.713727099999999837e+01
5.165980762499999912e+01
4.618234424999999987e+01
4.366371700000000544e+01
4.223926900000000018e+01
4.452128666666666845e+01
5.043497944444444414e+01
5.634867222222222694e+01
6.226236500000000262e+01
6.096439900000000023e+01
5.336522399999999777e+01
5.338047999999999860e+01
6.215794999999999959e+01
6.148222299999999763e+01
6.080649599999999566e+01
6.013076900000000080e+01
5.945504199999999884e+01
5.541149049999999932e+01
5.405321874999999920e+01
5.269494699999999909e+01
5.082752550000000014e+01
4.895603833333333199e+01
5.038244575000000225e+01
5.180885316666666540e+01
5.323526058333332855e+01
5.466166799999999881e+01
5.518182170000000042e+01
5.570197540000000203e+01
5.622212909999999653e+01
5.674228279999999813e+01
5.726243649999999974e+01
5.651078308333333666e+01
5.575912966666666648e+01
5.776393658333333292e+01
5.976874349999999936e+01
5.957788399999999740e+01
5.938702450000000255e+01
5.919616500000000059e+01
6.069435399999999703e+01
6.219254300000000057e+01
6.369073199999999702e+01
6.189367824999999357e+01
6.009662449999999723e+01
5.829957075000000088e+01
5.650251699999999744e+01
5.669485300000000194e+01
5.741235319999999831e+01
5.812985340000000178e+01
5.884735359999999815e+01
5.956485380000000163e+01
6.028235399999999800e+01
5.900341983333333218e+01
5.772448566666666636e+01
5.644555150000000765e+01
5.516661733333334183e+01
5.388768316666667602e+01
5.260874900000001020e+01
5.153522949999999980e+01
5.225473766666667075e+01
5.066859775000000354e+01
5.017123850000000118e+01
5.042950100000000191e+01
5.068776350000000264e+01
5.094602600000000336e+01
5.299870762500000154e+01
5.505138924999999972e+01
5.710407087500000500e+01
5.915675250000000318e+01
5.940238250000000164e+01
5.663152250000000265e+01
5.386066250000000366e+01
5.583862816666667328e+01
5.781659383333333579e+01
5.979455950000000541e+01
5.930128662500000303e+01
5.880801375000000064e+01
5.831474087500000536e+01
5.782146800000000297e+01
5.842584566666666746e+01
5.839406350000000145e+01
5.687609299999999735e+01
6.019007549999999895e+01
6.350405800000000056e+01
6.270720277777778051e+01
6.191034755555555336e+01
6.111349233333333331e+01
6.167231455555555897e+01
6.223113677777777752e+01
6.278995900000000319e+01
6.202337525000000085e+01
6.125679150000000561e+01
6.049020775000000327e+01
5.972362400000000093e+01
5.895704024999999859e+01
5.819045649999999625e+01
5.742387275000000102e+01
5.665728899999999868e+01
5.720469899999999797e+01
6.001545366666666581e+01
6.282620833333332655e+01
6.563696299999999439e+01
6.456771774999999991e+01
6.349847250000000543e+01
7.239563849999998979e+01
4.673614750000000129e+01
4.882844233333333506e+01
5.092073716666666883e+01
5.301303200000000260e+01
5.126544599999999718e+01
5.801439700000000244e+01
5.501363099999999662e+01
5.275729199999999963e+01
5.583271783333333360e+01
5.890814366666666757e+01
6.198356950000000154e+01
5.935676116666666502e+01
5.672995283333333560e+01
5.410314449999999908e+01
5.697076475000000073e+01
5.983838500000000238e+01
5.838053099999999773e+01
5.266279949999999843e+01
5.162452499999999844e+01
5.180520566666666582e+01
6.568413200000000529e+01
5.096208649999999807e+01
5.252613283333332816e+01
5.409017916666666537e+01
5.565422549999999546e+01
5.593028900000000192e+01
5.729366449999999844e+01
5.057615499999999997e+01
4.385864550000000150e+01
5.180664999999999765e+01
5.048015433333333135e+01
4.915365866666666506e+01
4.782716299999999876e+01
4.650066733333333246e+01
4.517417166666666617e+01
5.489725500000000125e+01
5.229249999999999687e+01
4.788916100000000142e+01
4.567751200000000011e+01
4.476276099999999758e+01
4.524598412499999966e+01
4.572920725000000175e+01
4.621243037500000383e+01
4.669565350000000592e+01
4.598753058333333854e+01
4.527940766666666406e+01
4.449632600000000338e+01
4.775214075000000236e+01
5.100795550000000134e+01
5.426377025000000032e+01
5.751958499999999930e+01
5.654838383333333240e+01
5.557718266666666551e+01
5.460598149999999862e+01
5.543129749999999945e+01
5.625661350000000027e+01
5.725205150000000032e+01
5.824748950000000036e+01
5.846553016666666736e+01
5.868357083333333435e+01
5.890161150000000134e+01
5.911965216666666834e+01
5.933769283333333533e+01
5.955573350000000232e+01
5.672897949999999412e+01
5.590169062499999342e+01
5.507440174999999272e+01
5.424711287499999912e+01
5.341982399999999842e+01
5.537080525000000364e+01
5.732178650000000175e+01
5.149391933333333782e+01
4.958674100000000351e+01
4.841483000000000203e+01
4.669428249999999991e+01
5.586963366666666531e+01
5.312058933333332789e+01
5.473053955555555206e+01
5.634048977777777623e+01
5.795044000000000040e+01
5.521313466666666869e+01
5.247582933333332988e+01
4.973852399999999818e+01
5.066463799999999651e+01
4.617941650000000209e+01
4.719667162500000046e+01
4.821392674999999883e+01
4.923118187500000431e+01
5.024843700000000268e+01
5.590910066666666722e+01
5.511001477777777779e+01
5.431092888888888837e+01
5.351184299999999894e+01
5.332074000000000069e+01
5.439209300000000269e+01
5.909022300000000172e+01
5.015056100000000328e+01
5.024820766666666572e+01
5.179812644444444203e+01
5.334804522222222545e+01
5.489796400000000176e+01
5.483884866666667079e+01
5.415777766666666793e+01
5.425333938888888952e+01
5.434890111111111111e+01
5.444446283333333270e+01
5.454002455555555429e+01
5.463558627777777588e+01
5.473114799999999747e+01
5.408910300000000149e+01
5.444928152380952469e+01
5.480946004761904788e+01
5.516963857142857108e+01
5.552981709523810139e+01
5.588999561904762459e+01
5.625017414285714779e+01
5.661035266666667098e+01
5.756853144444444581e+01
5.852671022222222774e+01
5.948488900000000257e+01
5.593403500000000150e+01
5.440824399999999628e+01
5.356351099999999832e+01
5.271961699999999951e+01
5.976072549999999950e+01
6.680183399999999949e+01
5.754703649999999726e+01
5.594496533333333588e+01
5.431976300000000180e+01
5.438232533333333407e+01
5.444488766666666635e+01
5.450744999999999862e+01
5.277450400000000030e+01
5.599014499999999828e+01
5.283395550000000185e+01
4.967776599999999831e+01
4.830202500000000043e+01
4.956759800000000382e+01
4.471966749999999990e+01
4.714196026666666484e+01
4.956425303333332977e+01
5.198654580000000180e+01
5.440883856666666674e+01
5.683113133333333167e+01
5.578139500000000339e+01
5.227928024999999934e+01
4.793191366666666653e+01
5.003094894444444662e+01
5.212998422222221961e+01
5.422901949999999971e+01
5.557078299999999871e+01
5.265567874999999987e+01
4.974057450000000102e+01
4.927309162499999928e+01
4.880560875000000465e+01
4.833812587500000291e+01
4.787064300000000117e+01
4.855848900000000157e+01
5.287657475000000318e+01
5.719466049999999768e+01
5.823899099999999862e+01
5.299824199999999763e+01
5.210468900000000048e+01
5.191748950000000207e+01
5.147732737500000155e+01
5.103716525000000104e+01
5.059700312500000052e+01
5.015684100000000001e+01
5.390980600000000322e+01
5.317536850000000470e+01
5.559424649999999701e+01
5.572082274999999640e+01
5.584739900000000290e+01
5.404118600000000328e+01
5.380141299999999660e+01
5.425676099999999735e+01
5.471210899999999810e+01
5.516745699999999886e+01
5.562280499999999961e+01
5.607815300000000036e+01
5.727811599999999714e+01
5.780596344444444412e+01
5.833381088888888399e+01
5.886165833333333097e+01
5.938950577777777795e+01
5.991735322222221782e+01
6.044520066666666480e+01
6.097304811111111178e+01
6.150089555555555165e+01
6.202874299999999863e+01
5.791677099999999712e+01
5.790725116666666139e+01
5.789773133333333277e+01
5.788821149999999705e+01
5.343451400000000007e+01
5.204466499999999485e+01
5.065481599999999673e+01
4.914874449999999939e+01
4.913374300000000261e+01
4.911874149999999872e+01
4.910374000000000194e+01
5.113198588888889162e+01
5.316023177777778130e+01
5.518847766666667098e+01
5.403758949999999572e+01
5.270097299999999763e+01
5.136435649999999953e+01
5.195362424999999718e+01
5.254289199999999482e+01
5.199336100000000016e+01
5.371189733333333294e+01
5.171033466666667522e+01
4.976244699999999455e+01
5.033468322222221758e+01
5.090691944444444061e+01
5.147915566666666365e+01
5.157813555555555496e+01
5.167711544444444627e+01
5.177609533333333047e+01
5.187507522222222178e+01
5.197405511111111309e+01
5.207303500000000440e+01
5.513899099999999720e+01
5.160360400000000425e+01
4.785529950000000099e+01
5.062792799999999716e+01
5.061092855555555303e+01
5.059392911111110891e+01
5.057692966666666479e+01
5.267040633333333233e+01
5.476388299999999987e+01
5.685735966666666741e+01
5.895083633333333495e+01
6.104431300000000249e+01
5.883779700000000190e+01
5.463589550000000372e+01
5.214765049999999746e+01
5.683424124999999805e+01
6.152083199999999863e+01
5.794982799999999656e+01
5.310365900000000039e+01
5.576924200000000553e+01
5.886175700000000433e+01
5.942063625000000116e+01
5.997951550000000509e+01
5.912534800000000246e+01
5.827118049999999982e+01
5.741701300000000430e+01
5.656284550000000166e+01
5.570867799999999903e+01
5.464826899999999910e+01
5.658721237500000001e+01
5.852615575000000092e+01
6.046509912500000183e+01
6.240404250000000275e+01
5.977900799999999748e+01
5.833011700000000133e+01
5.654927600000000609e+01
5.722407350000000292e+01
5.789887099999999975e+01
5.549132949999999909e+01
5.374045300000000225e+01
4.921877133333333632e+01
5.185895200000000216e+01
5.183374775000000056e+01
5.180854349999999897e+01
5.119549183333333531e+01
5.058244016666666454e+01
4.996938850000000087e+01
5.003675544444444512e+01
5.010412238888889647e+01
5.017148933333334071e+01
5.051575616666666946e+01
5.086002299999999821e+01
4.878199000000000041e+01
4.977881349999999827e+01
5.077563700000000324e+01
5.087512949999999989e+01
5.508298549999999949e+01
5.929084149999999909e+01
5.993536012500000254e+01
6.057987874999999889e+01
6.122439737499999524e+01
6.186891599999999869e+01
6.006558033333332958e+01
5.826224466666666757e+01
5.645890900000000556e+01
5.465557333333333645e+01
5.808554591666666767e+01
6.151551849999999888e+01
5.864006655555555625e+01
5.576461461111110651e+01
5.288916266666666388e+01
5.332287266666666881e+01
5.375658266666666663e+01
6.091221308333334150e+01
6.806784350000000927e+01
5.724479399999999885e+01
5.694490633333333562e+01
5.664501866666666530e+01
5.634513100000000208e+01
5.585168199999999672e+01
5.576651633333333535e+01
5.568135066666666688e+01
5.559618500000000552e+01
5.665324266666667086e+01
5.771030033333333620e+01
5.876735800000000154e+01
5.477727399999999847e+01
5.775248700000000213e+01
5.613177199999999800e+01
5.512423050000000302e+01
5.103609849999999426e+01
5.124845274999999845e+01
5.146080700000000263e+01
5.172463499999999925e+01
5.198846299999999587e+01
5.376943299999999937e+01
5.555040300000000286e+01
5.201292700000000480e+01
5.103139225000000323e+01
5.004985750000000166e+01
5.443273099999999687e+01
5.409044500000000255e+01
5.147192700000000087e+01
5.458250999999999920e+01
4.892135249999999758e+01
4.933056475000000063e+01
4.973977700000000368e+01
5.504361700000000468e+01
5.362267950000000383e+01
5.448293800000000431e+01
5.534319650000000479e+01
5.620345500000000527e+01
5.706371349999999865e+01
5.792397199999999913e+01
5.878423049999999961e+01
5.964448900000000009e+01
6.052144450000000120e+01
6.139840000000000231e+01
5.966197300000000325e+01
5.964499860000000098e+01
5.962802419999999870e+01
5.961104980000000353e+01
5.959407540000000125e+01
5.957710099999999898e+01
5.755052933333333698e+01
5.216203600000000051e+01
5.246689983333332918e+01
5.277176366666666496e+01
5.041959599999999853e+01
5.014363199999999665e+01
4.811135716666666440e+01
4.607908233333333214e+01
4.404680749999999989e+01
5.329211099999999846e+01
5.240528662500000223e+01
5.151846224999999890e+01
5.063163787499999557e+01
4.974481349999999935e+01
4.825871999999999673e+01
4.988079349999999579e+01
5.150286700000000195e+01
4.806296949999999413e+01
4.941265299999999883e+01
5.076233650000000353e+01
4.881199433333333104e+01
4.686165216666666566e+01
4.491130999999999318e+01
4.206043549999999698e+01
4.178197800000000228e+01
4.273326548148148163e+01
4.368455296296296098e+01
4.463584044444444032e+01
4.558712792592591967e+01
4.653841540740739902e+01
4.748970288888888547e+01
4.844099037037036481e+01
4.939227785185184416e+01
5.034356533333332351e+01
5.078314562499998885e+01
5.122272591666666131e+01
5.166230620833333376e+01
5.210188649999999910e+01
4.683616533333332654e+01
4.995308200000000198e+01
5.025932266666666948e+01
5.056556333333333697e+01
5.287446916666667107e+01
5.518337499999999807e+01
5.442821899999999857e+01
5.367306299999999908e+01
5.291790699999999248e+01
5.216275099999999298e+01
5.341295349999999331e+01
5.466315599999999364e+01
4.875369466666666796e+01
5.115380425000000031e+01
5.355391383333333977e+01
5.595402341666667212e+01
5.835413300000000447e+01
5.690006662500000800e+01
5.544600025000000443e+01
5.399193387500000085e+01
5.253786750000000438e+01
4.913484575000000376e+01
4.573182400000000314e+01
4.505471250000000083e+01
5.228113199999999239e+01
4.986628724999999918e+01
4.745144249999999886e+01
4.542663799999999696e+01
4.721056100000000555e+01
4.734239649999999955e+01
4.584119966666666102e+01
4.673440349999999910e+01
4.762760733333333008e+01
4.852081116666666105e+01
4.941401499999999913e+01
4.774677250000000583e+01
5.023493666666666968e+01
4.942557533333333453e+01
4.554161700000000224e+01
4.801872050000000058e+01
4.379482966666666499e+01
4.292159999999999798e+01
4.594327816666666564e+01
4.896495633333333330e+01
5.198663450000000097e+01
5.346132649999999842e+01
5.440848079999999953e+01
5.535563510000000065e+01
5.630278939999999466e+01
5.724994369999999577e+01
5.819709799999999689e+01
5.870797299999999552e+01
5.921884800000000126e+01
5.472445600000000354e+01
5.672303966666667208e+01
5.872162333333333351e+01
6.072020700000000204e+01
6.070309999999999917e+01
5.677140049999999860e+01
5.298333337500000084e+01
4.919526625000000308e+01
4.540719912499999822e+01
4.161913200000000046e+01
5.078458949999999561e+01
5.044000905555554937e+01
5.009542861111111023e+01
4.975084816666666399e+01
4.940626772222221774e+01
4.906168727777777860e+01
4.871710683333333236e+01
4.837252638888888612e+01
4.802794594444444698e+01
4.768336550000000074e+01
4.697976600000000502e+01
4.202566299999999444e+01
3.975199333333333129e+01
3.967654500000000439e+01
4.189122083333333535e+01
4.410589666666666631e+01
4.577227450000000175e+01
4.743865233333333720e+01
4.910503016666666554e+01
5.077140800000000098e+01
4.946523883333333771e+01
4.815906966666666733e+01
4.685290050000000406e+01
6.185532249999999976e+01
5.629704075000000074e+01
5.073875900000000172e+01
5.110505733333333467e+01
5.147135566666667472e+01
5.452534699999999646e+01
5.251440000000000197e+01
4.761627250000000089e+01
4.271814499999999981e+01
4.826409300000000258e+01
4.736439133333333729e+01
4.646468966666666489e+01
4.556498799999999960e+01
5.016630800000000079e+01
5.083324166666666599e+01
5.150017533333333120e+01
5.216710899999999640e+01
5.290685599999999766e+01
4.967953099999999722e+01
4.645220599999999678e+01
4.776360299999999626e+01
4.907499999999999574e+01
5.038639700000000232e+01
5.169779400000000180e+01
5.300919100000000128e+01
5.341512433333333831e+01
5.382105766666666824e+01
5.422699099999999817e+01
5.463292433333333520e+01
5.464508200000000215e+01
5.558008850000000223e+01
5.526251312499999813e+01
5.494493775000000113e+01
5.462736237500000414e+01
5.430978700000000003e+01
5.399221162499999593e+01
5.367463624999999894e+01
5.335706087500000194e+01
5.303948549999999784e+01
5.272191012499999374e+01
5.240433474999999675e+01
5.208675937499999975e+01
5.176918399999999565e+01
5.210658846666666477e+01
5.244399293333333389e+01
5.278139739999999591e+01
5.311880186666666503e+01
5.345620633333333416e+01
5.462619183333333694e+01
5.579617733333333263e+01
5.696616283333332831e+01
5.813614833333333110e+01
5.345375200000000149e+01
5.581679499999999905e+01
5.571791849999999613e+01
5.561904200000000031e+01
5.340881633333333411e+01
5.119859066666666791e+01
4.898836500000000171e+01
5.594378449999999958e+01
5.850844899999999882e+01
6.107311349999999806e+01
5.070352499999999907e+01
5.352124599999999788e+01
4.962163499999999772e+01
4.948921533333333400e+01
5.202478322222222573e+01
5.456035111111111036e+01
5.709591900000000209e+01
5.722494300000000322e+01
5.588559433333333715e+01
5.454624566666667107e+01
5.320689700000000499e+01
5.186754833333333892e+01
5.052819966666667284e+01
5.177887549999999806e+01
5.269055550000000210e+01
5.360223549999999904e+01
5.180243500000000267e+01
5.661570516666666464e+01
6.142897533333333371e+01
6.624224549999999567e+01
6.098974388888888853e+01
5.573724227777778140e+01
5.048474066666667426e+01
5.055938300000000396e+01
5.063402533333334077e+01
5.070866766666667047e+01
5.078331000000000017e+01
5.075272350000000188e+01
5.072213699999999648e+01
4.910887900000000172e+01
4.829165774999999883e+01
4.747443650000000304e+01
4.665721525000000725e+01
4.583999400000000435e+01
4.541412449999999978e+01
4.456312499999999943e+01
4.767172850000000039e+01
5.078033200000000136e+01
5.388893550000000232e+01
5.268947550000000035e+01
5.149001549999999838e+01
5.244648070833333264e+01
5.340294591666666690e+01
5.435941112500000116e+01
5.531587633333333542e+01
5.341372799999999899e+01
5.017948400000000220e+01
5.000297111111111548e+01
4.982645822222222165e+01
4.964994533333333493e+01
4.856669174999999683e+01
4.748343816666665873e+01
4.640018458333332774e+01
4.531693099999998964e+01
4.573616599999999721e+01
4.596393750000000011e+01
4.619170900000000302e+01
4.594081290476190560e+01
4.568991680952381529e+01
4.543902071428571787e+01
4.518812461904762046e+01
4.493722852380952304e+01
4.468633242857143273e+01
4.443543633333333531e+01
4.555444599999999866e+01
4.538835600000000170e+01
4.518077112499999970e+01
4.497318624999999770e+01
4.476560137500000280e+01
4.455801650000000080e+01
4.548261899999999969e+01
4.287073600000000084e+01
4.463422033333333871e+01
4.506281520000000285e+01
4.357767410000000297e+01
4.209253300000000309e+01
4.293587250000000211e+01
4.105104333333333244e+01
4.060379700000000014e+01
4.412226099999999462e+01
3.761036750000000239e+01
3.967424300000000414e+01
3.919876699999999659e+01
3.974846741666666361e+01
4.029816783333333063e+01
4.084786824999999766e+01
3.640751350000000031e+01
3.780114425000000011e+01
3.919477499999999992e+01
3.655557075000000111e+01
3.378719499999999698e+01
3.463105500000000347e+01
3.547491500000000286e+01
3.509092083333333534e+01
3.470692666666666781e+01
3.432293250000000029e+01
3.393893833333333276e+01
3.489051099999999650e+01
3.175437019999999677e+01
2.861822939999999704e+01
3.621191833333333676e+01
3.758061099999999755e+01
3.412687350000000208e+01
3.067313599999999951e+01
3.025467174999999997e+01
3.083891459999999896e+01
3.142315744999999794e+01
3.200740030000000047e+01
3.259164314999999590e+01
3.317588599999999843e+01
3.284209366666667052e+01
3.223614883333333125e+01
3.163020399999999910e+01
3.125520866666666464e+01
3.369668270833333423e+01
3.613815675000000027e+01
3.464625625000000042e+01
3.499114405555555152e+01
3.533603186111110972e+01
3.568091966666666082e+01
3.658770700000000176e+01
3.862922199999999862e+01
3.569671574999999564e+01
3.500395199999999818e+01
3.119432999999999723e+01
2.945261899999999855e+01
2.726212700000000311e+01
2.728492920000000055e+01
2.501734474999999946e+01
2.302368159999999975e+01
2.407545399999999702e+01
2.431103766666666743e+01
2.285069560000000166e+01
2.186775274999999752e+01
2.326777799999999985e+01
2.729915075000000257e+01
2.497090466666666941e+01
2.057236499999999779e+01
2.149214200000000119e+01
2.609707099999999969e+01
2.467500675000000143e+01
2.470514666666666770e+01
2.456764633333333236e+01
2.862860249999999951e+01
2.893645125000000107e+01
3.349007499999999737e+01
3.232096549999999979e+01
3.373841300000000132e+01
3.312431166666667082e+01
3.308476961111111336e+01
3.304522755555555591e+01
3.300568549999999846e+01
3.030960299999999918e+01
3.220952133333333478e+01
3.342669433333333018e+01
3.219429999999999836e+01
3.126052299999999917e+01
3.128330749999999938e+01
3.130609199999999959e+01
3.148686899999999866e+01
3.373096800000000428e+01
3.189599899999999977e+01
3.301867825000000067e+01
3.414135749999999803e+01
3.526403675000000248e+01
3.638671599999999984e+01
3.696929500000000246e+01
3.762306862500000193e+01
3.827684225000000140e+01
3.893061587500000087e+01
3.958438950000000034e+01
4.023816312499999981e+01
4.089193674999999928e+01
4.154571037499999875e+01
4.219948399999999822e+01
4.148681333333333754e+01
3.992286200000000207e+01
4.164843274999999778e+01
4.006958050000000071e+01
4.229317449999999923e+01
4.451676849999999774e+01
4.674036250000000337e+01
4.896395650000000188e+01
5.118755050000000040e+01
5.341114450000000602e+01
5.563473850000000454e+01
5.785833250000000305e+01
5.534227440000000087e+01
5.282621629999999868e+01
5.031015820000000360e+01
4.779410010000000142e+01
4.527804199999999923e+01
4.590765116666666756e+01
4.653726033333333589e+01
4.581684016666666537e+01
4.509642000000000195e+01
4.510885900000000248e+01
4.512129800000000301e+01
4.372321550000000201e+01
4.613295166666667058e+01
4.854268783333333204e+01
5.095242400000000060e+01
5.098961800000000011e+01
4.813469216666666739e+01
4.527976633333333467e+01
4.374430100000000010e+01
4.582008900000000295e+01
4.738695866666666490e+01
4.566885650000000396e+01
4.466386399999999668e+01
4.434765549999999479e+01
4.403144700000000000e+01
4.371523849999999811e+01
4.339903000000000333e+01
4.308282150000000144e+01
4.276661300000000665e+01
4.245040450000000476e+01
4.290444699999999756e+01
4.214451449999999966e+01
4.138458199999999465e+01
4.088980000000000103e+01
3.998683433333333426e+01
3.908386866666666748e+01
3.818090300000000070e+01
4.263123199999999713e+01
5.334780133333333652e+01
5.227914716666666806e+01
5.121049299999999960e+01
4.520015449999999646e+01
4.981365366666667427e+01
4.440740199999999760e+01
4.243581549999999680e+01
4.123624633333333378e+01
3.850872599999999579e+01
4.498176200000000335e+01
4.177877099999999899e+01
4.297358166666666079e+01
4.416839233333332970e+01
4.536320299999999861e+01
4.655801366666666041e+01
4.582955133333332753e+01
4.510108900000000176e+01
4.521718800000000016e+01
4.437437500000000057e+01
4.439552566666667133e+01
4.441667633333333498e+01
4.126406300000000016e+01
3.756685249999999598e+01
3.954429799999999773e+01
4.023292800000000113e+01
4.368351599999999735e+01
4.099193175000000622e+01
4.021890799999999899e+01
4.611812499999999915e+01
4.624323299999999648e+01
4.840601200000000404e+01
5.056879100000000449e+01
4.748707150000000610e+01
4.440535200000000060e+01
4.132363250000000221e+01
3.963136200000000287e+01
4.025824350000000607e+01
4.088512500000000216e+01
4.064570066666667003e+01
4.256799233333332921e+01
3.882880920000000202e+01
3.488220950000000187e+01
3.352724899999999764e+01
3.539742977777777355e+01
3.726761055555555657e+01
3.913779133333333249e+01
3.744132100000000207e+01
3.808252933333333345e+01
3.575174099999999555e+01
3.666187250000000120e+01
3.404157100000000469e+01
3.793795860000000175e+01
4.183434619999999882e+01
4.094269700000000256e+01
3.969554200000000321e+01
3.877650533333333271e+01
3.785746866666666932e+01
3.693843199999999882e+01
3.589350333333333509e+01
3.435693599999999748e+01
3.372494900000000229e+01
3.380993169999999992e+01
3.389491439999999756e+01
3.397989710000000230e+01
3.406487979999999993e+01
3.414986249999999757e+01
3.190297299999999936e+01
3.148870499999999950e+01
3.107443699999999964e+01
3.066016899999999978e+01
3.101489150000000095e+01
2.936623237500000272e+01
2.771757325000000094e+01
2.783089299999999966e+01
2.825345866666667050e+01
2.643800025000000176e+01
2.496534774999999939e+01
2.531982449999999929e+01
2.506379525000000186e+01
2.634952562499999829e+01
2.763525599999999827e+01
2.625452824999999990e+01
2.773406433333333254e+01
2.791610924999999810e+01
2.664874775000000184e+01
2.445858725000000078e+01
2.612625133333333238e+01
2.642074574999999825e+01
2.661140454166666558e+01
2.680206333333333646e+01
2.744677700000000087e+01
2.648794000000000182e+01
2.119854000000000127e+01
2.315532574999999937e+01
2.449205849999999884e+01
2.268101599999999962e+01
2.434916716666666758e+01
2.601731833333333554e+01
2.551801633333333541e+01
2.919005391666667037e+01
3.286209150000000534e+01
3.143671199999999999e+01
3.594585200000000214e+01
3.447386500000000353e+01
3.643396049999999775e+01
3.687416733333333241e+01
3.731437416666666707e+01
3.775458100000000172e+01
3.730542966666666871e+01
3.679868113333333213e+01
3.629193260000000265e+01
3.578518406666666607e+01
3.527843553333333659e+01
3.477168700000000001e+01
3.286492499999999950e+01
3.432289199999999596e+01
3.245656600000000225e+01
3.203610650000000248e+01
3.161564700000000272e+01
3.073894500000000107e+01
3.537773099999999715e+01
3.228161200000000264e+01
3.480368049999999869e+01
3.476406233333333518e+01
3.460537655555555858e+01
3.444669077777777488e+01
3.428800499999999829e+01
3.349635050000000547e+01
2.960694499999999962e+01
3.282263900000000234e+01
3.381801724999999692e+01
3.481339549999999861e+01
3.501996640000000127e+01
3.456019699999999517e+01
3.560898466666666451e+01
3.197826366666666331e+01
3.151938674999999890e+01
3.142665666666666979e+01
3.301033466666666527e+01
3.459401266666666430e+01
3.607286524999999955e+01
3.665824700000000291e+01
3.580143300000000295e+01
3.494461900000000298e+01
3.408780500000000302e+01
3.418728533333333530e+01
3.436860874999999993e+01
3.395504524999999774e+01
3.089824775000000301e+01
2.914384500000000244e+01
2.962405299999999997e+01
2.731783550000000105e+01
3.189038999999999646e+01
3.385958199999999607e+01
3.312340811111111094e+01
3.238723422222221870e+01
3.165106033333333357e+01
3.067734550000000127e+01
3.294289874999999768e+01
3.520845200000000119e+01
3.444667450000000031e+01
3.375879700000000128e+01
3.307091950000000224e+01
3.354960400000000220e+01
3.094731300000000118e+01
3.226579399999999964e+01
3.465081200000000194e+01
3.739255633333333861e+01
3.604197099999999665e+01
3.826222450000000208e+01
3.984070833333333184e+01
4.384951200000000426e+01
4.347811633333333248e+01
4.251054987499999527e+01
4.154298341666666516e+01
4.057541695833333506e+01
3.960785049999999785e+01
3.767239800000000116e+01
3.768195800000000162e+01
3.769151800000000208e+01
3.839637849999999730e+01
3.627573699999999945e+01
3.733970233333333510e+01
3.310310954166666875e+01
2.886651674999999884e+01
2.744467500000000015e+01
3.447816999999999865e+01
3.609757866666666359e+01
3.442594574999999679e+01
3.569565333333333257e+01
3.760418099999999697e+01
3.656059955555555518e+01
3.551701811111110629e+01
3.447343666666666451e+01
3.487669400000000053e+01
3.688436899999999952e+01
3.612792300000000267e+01
3.537147699999999872e+01
3.461503100000000188e+01
3.343965700000000396e+01
3.404250700000000052e+01
3.947031900000000348e+01
3.823098749999999768e+01
3.525769966666666733e+01
3.727941975000000241e+01
3.723158324999999991e+01
3.718374674999999741e+01
3.388692350000000175e+01
3.421795500000000345e+01
3.596103712500000427e+01
3.770411924999999798e+01
3.356113074999999668e+01
3.698008200000000301e+01
3.750309950000000470e+01
3.794430466666666746e+01
3.841298211111111272e+01
3.888165955555555797e+01
3.935033700000000323e+01
4.112666350000000648e+01
4.179787749999999846e+01
4.056835066666666734e+01
3.945815455555555928e+01
3.834795844444444413e+01
3.723776233333333607e+01
3.717493200000000542e+01
3.748749850000000094e+01
3.844540112500000362e+01
3.940330374999999918e+01
3.868029437500000256e+01
3.795728499999999883e+01
3.761795000000000044e+01
3.633903250000000185e+01
3.506011499999999614e+01
3.378119749999999755e+01
3.250227999999999895e+01
3.123919300000000021e+01
3.208804674999999662e+01
3.225095799999999713e+01
3.319556049999999914e+01
3.299278433333333282e+01
3.446831316666666112e+01
3.594384199999999652e+01
3.345821300000000065e+01
3.560905499999999790e+01
3.595104200000000105e+01
3.483008633333333393e+01
3.370913066666666680e+01
3.258817499999999967e+01
3.146721933333333254e+01
3.034626366666666542e+01
2.922530799999999829e+01
3.591313366666667406e+01
3.505846877777778303e+01
3.420380388888889200e+01
3.334913900000000098e+01
3.651053475000000503e+01
3.686065674999999686e+01
3.622412574999999890e+01
3.365579474999999832e+01
3.173888499999999979e+01
3.530394899999999581e+01
3.886901299999999537e+01
3.878537250000000114e+01
3.970754999999999768e+01
4.168231199999999603e+01
3.816499550000000340e+01
3.965019075000000726e+01
4.113538600000000400e+01
3.973969950000000040e+01
3.992825799999999958e+01
4.474401399999999995e+01
4.377314633333332949e+01
3.980732054166666245e+01
3.584149474999999541e+01
3.474868200000000229e+01
3.547152466666666015e+01
3.404096699999999487e+01
3.179309299999999894e+01
3.139435066666666785e+01
2.889738400000000240e+01
2.946878333333333444e+01
3.004018266666666648e+01
2.804093950000000035e+01
2.751800225000000211e+01
2.437398900000000168e+01
2.746580700000000164e+01
2.578185849999999846e+01
2.724745333333333264e+01
2.871304816666666682e+01
3.017864299999999744e+01
3.164423783333333162e+01
3.310983266666666225e+01
3.457542749999999643e+01
3.604102233333333061e+01
3.750661716666666479e+01
3.897221199999999897e+01
3.783419599999999861e+01
3.692962800000000811e+01
3.656856980000000590e+01
3.620751160000000368e+01
3.584645340000000147e+01
3.548539519999999925e+01
3.512433699999999703e+01
3.441104866666666595e+01
3.576264999999999361e+01
3.541579416666666447e+01
3.506893833333332822e+01
3.472208249999999907e+01
3.382738025000000448e+01
3.468005566666666795e+01
3.329013700000000142e+01
3.132162149999999912e+01
2.758954149999999927e+01
3.048044487500000344e+01
3.337134825000000404e+01
3.432665446666666753e+01
3.528196068333333102e+01
3.623726690000000161e+01
3.719257311666666510e+01
3.814787933333332859e+01
3.939783599999999808e+01
3.852816966666667042e+01
3.913578577777777667e+01
3.974340188888889003e+01
4.035101799999999628e+01
3.805734950000000083e+01
3.799722500000000025e+01
3.836650449999999779e+01
4.056967300000000165e+01
4.277284149999999840e+01
4.497601000000000226e+01
3.967371899999999840e+01
3.781789700000000920e+01
3.753942150000000311e+01
3.399902724999999748e+01
3.441940884090909236e+01
3.483979043181818014e+01
3.526017202272727502e+01
3.568055361363636280e+01
3.610093520454545768e+01
3.652131679545454546e+01
3.694169838636364034e+01
3.736207997727272812e+01
3.778246156818182300e+01
3.820284315909091788e+01
3.862322475000000566e+01
3.838376099999999980e+01
4.274807724999999436e+01
4.135061662500000068e+01
3.995315599999999989e+01
3.897638699999999545e+01
3.860486819999999852e+01
3.823334939999999449e+01
3.786183059999999756e+01
3.749031179999999353e+01
3.711879299999999660e+01
3.640295399999999404e+01
3.568711499999999859e+01
3.431541375000000471e+01
3.622884750000000054e+01
3.814228125000000347e+01
4.005571499999999929e+01
4.099520199999999903e+01
3.886304366666666255e+01
3.673088533333333316e+01
3.459872699999999668e+01
3.345317299999999960e+01
3.407209999999999894e+01
3.438361187499999971e+01
3.469512375000000048e+01
3.489540633333333375e+01
3.521971100000000376e+01
3.622075266666666948e+01
3.722179433333333520e+01
3.822283600000000092e+01
3.683801700000000068e+01
3.872625874999999951e+01
3.990401670833333014e+01
4.108177466666666788e+01
4.358270033333333515e+01
4.608362600000000242e+01
4.304548900000000344e+01
4.418740599999999574e+01
4.432876974999999931e+01
4.447013350000000287e+01
4.461149724999999933e+01
4.475286100000000289e+01
4.471764799999999696e+01
4.503354199999999707e+01
4.385302300000000031e+01
4.422354783333333472e+01
4.459407266666666914e+01
4.433415245833333529e+01
4.407423225000000144e+01
4.330421260416666485e+01
4.253419295833333535e+01
4.176417331250000586e+01
4.099415366666666927e+01
4.181446033333332934e+01
4.263476699999999653e+01
4.382267025000000160e+01
4.501057349999999957e+01
4.619847674999999754e+01
4.738638000000000261e+01
4.659770444444444593e+01
4.580902888888888924e+01
4.502035333333333256e+01
4.196726699999999965e+01
4.719630000000000081e+01
4.727381083333333578e+01
4.735132166666667075e+01
4.478759200000000362e+01
4.222386233333332939e+01
4.332112566666665998e+01
4.441838899999999768e+01
4.307543049999999596e+01
4.631897500000000178e+01
4.405382233333332920e+01
4.342964933333333732e+01
4.278711249999999922e+01
4.102177874999999574e+01
3.925644499999999937e+01
4.042135849999999664e+01
4.006322399999999817e+01
3.970508949999999970e+01
3.934695500000000123e+01
3.898882050000000277e+01
3.805605500000000063e+01
3.872882200000000097e+01
3.940158900000000131e+01
4.007435600000000164e+01
4.176930475000000342e+01
4.346425349999999810e+01
4.081838700000000131e+01
4.054687850000000537e+01
4.087271728571428753e+01
4.119855607142857679e+01
4.152439485714285894e+01
4.185023364285714820e+01
4.217607242857143035e+01
4.250191121428571961e+01
4.282775000000000176e+01
4.290310200000001117e+01
4.355969116666667418e+01
4.421628033333333718e+01
4.444055633333332622e+01
4.228263375000000224e+01
4.225442712500000653e+01
4.222622050000000371e+01
4.219801387500000089e+01
4.216980725000000518e+01
4.214160062500000947e+01
4.211339400000000666e+01
4.607983550000000150e+01
4.374570133333332933e+01
3.924127800000000121e+01
4.315123350000000357e+01
4.706118899999999883e+01
4.588399800000000539e+01
4.726938300000000481e+01
4.865476800000000424e+01
5.004015300000000366e+01
5.142553800000000308e+01
5.207439250000000186e+01
4.877658511111111039e+01
4.547877772222221893e+01
4.218097033333332746e+01
4.154778326666666288e+01
4.091459619999999830e+01
4.028140913333332662e+01
3.964822206666666204e+01
3.901503499999999747e+01
3.958028900000000050e+01
4.919584766666665843e+01
4.179903300000000144e+01
4.125323375000000681e+01
4.070743450000000507e+01
4.065984066666666763e+01
4.214429799999999204e+01
4.362875533333332356e+01
4.302558433333333454e+01
4.428679975000000013e+01
4.554801516666667283e+01
4.680923058333333842e+01
4.807044600000000401e+01
4.308575900000000303e+01
4.288728550000000439e+01
4.268881199999999865e+01
4.249033850000000001e+01
4.229186500000000137e+01
4.450331450000000189e+01
4.671476400000000240e+01
4.706264500000000339e+01
4.437804366666667732e+01
4.312785458333333821e+01
4.187766549999999910e+01
4.341249299999999778e+01
4.494732049999999646e+01
4.648214799999999514e+01
4.419226150000000075e+01
4.190237500000000637e+01
4.483515899999999732e+01
4.574835033333332746e+01
4.626584066666666217e+01
4.374476199999999437e+01
4.122368333333333368e+01
4.342274450000000030e+01
4.355950399999999689e+01
4.407955133333333464e+01
4.266892141666666305e+01
4.125829149999999856e+01
4.136737000000000108e+01
4.076223199999999736e+01
4.015709400000000073e+01
3.955195599999999700e+01
3.922122499999999690e+01
3.796850366666666332e+01
3.747090950000000475e+01
3.766626600000000025e+01
3.560906887500000551e+01
3.355187175000000366e+01
3.509638656250000111e+01
3.664090137499999855e+01
3.818541618749999600e+01
3.972993099999999345e+01
4.450565000000000282e+01
4.209925400000000195e+01
4.303093100000000959e+01
4.193453175000000499e+01
4.083813250000000039e+01
3.974173325000000290e+01
3.864533399999999830e+01
3.947857700000000136e+01
3.794606066666666067e+01
4.032554683333332690e+01
4.270503299999999314e+01
3.841700399999999860e+01
3.915331416666666797e+01
3.988962433333333735e+01
3.972210066666666961e+01
4.035811599999999544e+01
3.880916649999999635e+01
3.726021699999999726e+01
3.338174374999999827e+01
3.428998099999999738e+01
3.143348424999999935e+01
3.529072599999999937e+01
3.332579166666666737e+01
3.654237933333332933e+01
3.975896699999999839e+01
3.836698599999999715e+01
3.619614800000000088e+01
3.677523874999999975e+01
3.735432950000000574e+01
3.793342025000000461e+01
3.851251100000000349e+01
3.603914774999999793e+01
3.486366766666666450e+01
3.325607866666666723e+01
3.181809099999999901e+01
3.379303000000000168e+01
3.576796900000000079e+01
3.774290799999999990e+01
3.732801266666666606e+01
4.477138200000000268e+01
4.020546199999999715e+01
3.798905949999999621e+01
3.577265700000000237e+01
3.488561066666667188e+01
3.765144066666666589e+01
3.616055199999999559e+01
3.421829549999999642e+01
3.435922916666666538e+01
3.450016283333332723e+01
3.464109649999999618e+01
3.200681600000000060e+01
3.272865399999999880e+01
3.345049199999999701e+01
3.226617550000000278e+01
3.499654400000000010e+01
3.769640700000000066e+01
3.865216333333333409e+01
3.664092600000000033e+01
3.813921799999999962e+01
3.886344266666666414e+01
4.042425733333332971e+01
4.198507200000000239e+01
3.879745566666666434e+01
3.975857400000000297e+01
3.952115733333332770e+01
4.320488087499999352e+01
4.688860441666666645e+01
5.057232795833333228e+01
5.425605149999999810e+01
4.976389244444444415e+01
4.527173338888889020e+01
4.077957433333333626e+01
4.044973341666666755e+01
4.011989249999999885e+01
3.925695474999999846e+01
3.839401699999999806e+01
3.889503799999999956e+01
3.723544650000000189e+01
3.501954399999999623e+01
3.708529399999999754e+01
3.805966799999999495e+01
3.903404199999999946e+01
4.000841599999999687e+01
4.098278999999999428e+01
4.147091899999999498e+01
4.354904999999999404e+01
4.562718100000000021e+01
4.561235425000000276e+01
4.559752749999999821e+01
4.558270075000000077e+01
4.556787400000000332e+01
4.179771399999999915e+01
4.743543900000000235e+01
4.796218833333333009e+01
4.371143933333333820e+01
4.533008916666666721e+01
4.694873899999999622e+01
3.916336950000000172e+01
4.154653700000000072e+01
4.277489900000000489e+01
4.233535880000000162e+01
4.189581860000000546e+01
4.145627840000000219e+01
4.101673820000000603e+01
4.057719800000000276e+01
4.389120199999999983e+01
4.398082349999999963e+01
4.613792650000000606e+01
4.345594400000000235e+01
4.601475849999999923e+01
4.443705966666666285e+01
4.483152066666666258e+01
4.522598166666666941e+01
4.562044266666666914e+01
4.601490366666666887e+01
4.638587455555556005e+01
4.675684544444444413e+01
4.712781633333333531e+01
4.895928566666666626e+01
5.079075499999999721e+01
5.079278999999999655e+01
5.297002699999999464e+01
5.060025046666666526e+01
4.823047393333333588e+01
4.586069740000000650e+01
4.349092086666667001e+01
4.112114433333334063e+01
4.072155550000000090e+01
4.295354749999999910e+01
3.898330499999999432e+01
3.935915324999999143e+01
3.973500149999999564e+01
3.931963149999999985e+01
3.860970233333333113e+01
3.901371366666666773e+01
3.934755344444444347e+01
3.968139322222222631e+01
4.001523300000000205e+01
3.885629899999999992e+01
3.611225500000000466e+01
3.525137399999999843e+01
3.439049299999999931e+01
3.382273466666666195e+01
3.633601399999999870e+01
3.590670399999999773e+01
3.421182616666666831e+01
3.251694833333333179e+01
2.975465499999999963e+01
3.269339991666666378e+01
3.563214483333333504e+01
3.857088974999999920e+01
3.726324449999999899e+01
3.595559924999999879e+01
3.464795399999999859e+01
3.451669166666666655e+01
3.391159499999999838e+01
3.405393699999999768e+01
3.400123250000000041e+01
3.169443133333333051e+01
3.379693999999999932e+01
3.187107699999999966e+01
3.400686699999999973e+01
3.385657599999999690e+01
3.874087433333333763e+01
3.782248955555556336e+01
3.690410477777778198e+01
3.598572000000000770e+01
3.536000700000000307e+01
3.589634449999999788e+01
3.643268199999999979e+01
3.309136666666666571e+01
3.438397966666666861e+01
3.374660200000000287e+01
3.198306000000000182e+01
3.120561433333332957e+01
3.312534596666666431e+01
3.504507759999999905e+01
3.696480923333332669e+01
3.888454086666666143e+01
4.080427249999999617e+01
4.112690099999999660e+01
3.657907899999999302e+01
3.203125699999999654e+01
3.302671000000000134e+01
3.184694975000000028e+01
3.649662999999999613e+01
3.390092450000000213e+01
3.505585924999999747e+01
3.621079399999999993e+01
3.567103733333333082e+01
3.445320208333333056e+01
3.323536683333333031e+01
3.201753158333333005e+01
3.079969633333333334e+01
3.167125800000000169e+01
3.428012499999999818e+01
3.319230249999999671e+01
3.345973000000000042e+01
3.155695825000000099e+01
2.965418650000000156e+01
3.079922750000000065e+01
3.330706257142856686e+01
3.045686533333333657e+01
2.724261566666666567e+01
2.813230300000000028e+01
2.796190262500000046e+01
2.779150225000000063e+01
2.637094199999999944e+01
3.059801699999999869e+01
2.772843699999999956e+01
2.975873887499999881e+01
3.178904074999999807e+01
3.261545227777777711e+01
3.344186380555555616e+01
3.426827533333333520e+01
3.315323499999999513e+01
3.494536133333333083e+01
3.673748766666666654e+01
3.852961400000000225e+01
3.649133666666666187e+01
3.692519649999999842e+01
3.735905633333333498e+01
3.475764800000000321e+01
3.354696825000000615e+01
3.421653683333333618e+01
3.488610541666667331e+01
3.555567400000000333e+01
3.430624933333333360e+01
3.585607650000000035e+01
3.497288400000000053e+01
3.478976266666666106e+01
5.247752774999999303e+01
4.683642654166666830e+01
4.119532533333333646e+01
4.050533616666666603e+01
3.981534700000000271e+01
3.683084000000000202e+01
3.729276616666666655e+01
3.775469233333333108e+01
3.959552599999999956e+01
4.029441033333333166e+01
4.099329466666667088e+01
4.169217900000000299e+01
4.162977644444444536e+01
4.156737388888889484e+01
4.150497133333333721e+01
4.073960911111111471e+01
3.997424688888889222e+01
3.920888466666666972e+01
3.844352244444444722e+01
3.767816022222222472e+01
3.691279800000000222e+01
3.762266833333333693e+01
3.689128850000000170e+01
3.718691822222222498e+01
3.748254794444444826e+01
3.777817766666667154e+01
3.602801000000000187e+01
3.603858466666667226e+01
3.289537506666667355e+01
2.975216546666666773e+01
2.660895586666666901e+01
2.346574626666666674e+01
2.032253666666666447e+01
1.693705225000000070e+01
1.318264899999999962e+01
1.877524000000000015e+01
2.436783100000000246e+01
2.996042200000000122e+01
2.851293399999999778e+01
3.016825816666666427e+01
3.182358233333333075e+01
3.196218500000000162e+01
3.283927949999999640e+01
3.371637399999999474e+01
3.311011200000000088e+01
3.394606650000000059e+01
3.478202100000000030e+01
3.318058700000000272e+01
3.335643999999999920e+01
3.353229299999999569e+01
3.112615819999999900e+01
3.103958049999999957e+01
2.978249900000000139e+01
3.167775874999999886e+01
3.906556499999999943e+01
3.855829581249999904e+01
3.805102662499999866e+01
3.754375743749999828e+01
3.703648824999999789e+01
3.708814550000000310e+01
3.821197850000000074e+01
3.506732300000000180e+01
3.588316500000000531e+01
3.322302399999999523e+01
3.391851100000000230e+01
3.349510800000000188e+01
3.497321500000000327e+01
3.439103800000000177e+01
3.477051499999999606e+01
3.371669866666666593e+01
3.266288233333332869e+01
3.160906599999999855e+01
3.081278133333333358e+01
3.099923888888888968e+01
3.118569644444444222e+01
3.137215399999999832e+01
3.192436740000000128e+01
3.180146099999999976e+01
3.085898511111111020e+01
2.991650922222222420e+01
2.897403333333333464e+01
3.114036450000000045e+01
3.095719033333332959e+01
2.875540000000000163e+01
3.115268637500000182e+01
3.354997275000000201e+01
3.196636799999999923e+01
3.628826560000000256e+01
3.664315770000000327e+01
3.699804980000000398e+01
3.735294189999999759e+01
3.770783399999999830e+01
3.526658874999999682e+01
3.809394625000000190e+01
3.880531595833333824e+01
3.951668566666666749e+01
3.980962683333333274e+01
4.010256799999999799e+01
4.039550916666667035e+01
4.068845033333333561e+01
4.098139150000000086e+01
4.090831900000000587e+01
3.994902050000000315e+01
3.898972200000000043e+01
3.828852200000000039e+01
4.694625700000000279e+01
4.542729350000000466e+01
4.390832999999999942e+01
4.238936650000000128e+01
4.087040300000000315e+01
3.935143949999999791e+01
3.783247599999999977e+01
3.574216299999999791e+01
3.619623789285714111e+01
3.665031278571428430e+01
3.710438767857142750e+01
3.755846257142857070e+01
3.801253746428571390e+01
3.846661235714285709e+01
3.892068725000000029e+01
3.641641500000000065e+01
3.782877166666666113e+01
3.914475149999999815e+01
4.046073133333332805e+01
4.177671116666666506e+01
4.309269100000000208e+01
4.733435899999999918e+01
5.157602699999999629e+01
5.581769500000000050e+01
6.005936299999999761e+01
5.654847999999999786e+01
4.628860824999999579e+01
3.602873650000000083e+01
3.530014049999999770e+01
3.598894899999999808e+01
3.517694933333333296e+01
3.735347966666666508e+01
3.652696199999999749e+01
3.639508150000000342e+01
3.421262124999999799e+01
3.203016099999999966e+01
3.476689900000000222e+01
3.697116950000000202e+01
3.615111550000000307e+01
3.734633350000000007e+01
3.315839433333332664e+01
2.940883066666667034e+01
3.268986600000000209e+01
2.900066533333333396e+01
3.036812875000000389e+01
2.744379233333333445e+01
3.044393800000000283e+01
2.644440924999999964e+01
2.641271000000000058e+01
2.381876349999999931e+01
2.615304299999999671e+01
2.366344850000000122e+01
2.241793725000000137e+01
2.110896599999999879e+01
2.402894249999999943e+01
2.694891900000000007e+01
2.986889550000000071e+01
2.884910749999999879e+01
2.668957433333333640e+01
2.730325049999999720e+01
2.579489900000000091e+01
2.697688099999999878e+01
2.599900166666666834e+01
2.627345799999999798e+01
2.488573025000000172e+01
3.040410333333333526e+01
2.614619866666666681e+01
2.370147199999999899e+01
2.242423766666666651e+01
1.883467019999999792e+01
1.678637442857143114e+01
1.562360624999999992e+01
1.447771900000000223e+01
1.413253399999999971e+01
1.302860599999999813e+01
1.244061480000000053e+01
9.911377250000001027e+00
1.127365866666666783e+01
1.554750600000000027e+01
1.671502025000000202e+01
1.791602680000000092e+01
1.840434150000000102e+01
1.840496966666666623e+01
1.791467875000000021e+01
1.742438783333333419e+01
1.693409691666666461e+01
1.644380599999999859e+01
1.742663974999999965e+01
1.751606033333333201e+01
1.779065633333333096e+01
1.806525233333333347e+01
1.819946350000000024e+01
2.143741299999999939e+01
2.168738433333333049e+01
2.247691500000000175e+01
2.411489800000000017e+01
2.324413666666666600e+01
2.504367566666666889e+01
2.863654775000000186e+01
2.979328100000000035e+01
2.857133366666666419e+01
3.071580000000000155e+01
2.900722259999999864e+01
2.729864519999999928e+01
2.560897399999999990e+01
2.568244599999999878e+01
2.575591800000000120e+01
2.582939000000000007e+01
2.618754775000000024e+01
2.846890987500000136e+01
3.075027200000000249e+01
3.175574299999999894e+01
3.176876999999999995e+01
3.178179700000000096e+01
3.068501999999999796e+01
3.035870900000000105e+01
3.109033485714286016e+01
3.182196071428571571e+01
3.255358657142857481e+01
3.328521242857143392e+01
3.401683828571428592e+01
3.474846414285714502e+01
3.548009000000000412e+01
3.545255199999999718e+01
3.345461466666666439e+01
3.491805000000000092e+01
3.431450066666666743e+01
3.362632800000000088e+01
3.432563375000000150e+01
3.228320099999999826e+01
3.233233150000000222e+01
3.277598050000000285e+01
3.321962949999999637e+01
3.321779066666666580e+01
3.305393850000000100e+01
3.326612733333333694e+01
3.347831616666666577e+01
3.369050500000000170e+01
3.440152333333332990e+01
3.313421850000000290e+01
3.405185850000000158e+01
3.496949850000000026e+01
3.550798033333333592e+01
3.604646216666666447e+01
3.658494400000000013e+01
3.491640600000000205e+01
3.446201262499999984e+01
3.400761924999999763e+01
3.272304233333333201e+01
3.135452833333333444e+01
3.034547374999999647e+01
3.159032638888888656e+01
3.283517902777777664e+01
3.408003166666666317e+01
3.796822133333333227e+01
3.793229519999999866e+01
3.354558825000000155e+01
3.107673300000000083e+01
3.225628954999999820e+01
3.343584609999999913e+01
3.461540265000000005e+01
3.579495920000000098e+01
3.697451575000000190e+01
3.645146137500000094e+01
3.592840699999999998e+01
3.890902950000000260e+01
3.917343499999999779e+01
3.482626849999999763e+01
3.606089274999999361e+01
3.729551699999999670e+01
3.505366699999999724e+01
3.582016000000000133e+01
3.592129249999999985e+01
3.817831174999999888e+01
3.840787181249999804e+01
3.863743187500000431e+01
3.886699193750000347e+01
3.909655200000000264e+01
3.806227033333333765e+01
3.668133216666666385e+01
3.530039399999999716e+01
3.793345691666666397e+01
4.056651983333333789e+01
4.319958275000000469e+01
4.240903439583333778e+01
4.161848604166667087e+01
4.082793768749999685e+01
4.003738933333332994e+01
3.788859500000000224e+01
4.008617000000000274e+01
3.707499874999999889e+01
3.526267950000000440e+01
3.630874833333333385e+01
3.735481716666667040e+01
3.840088599999999985e+01
3.944695483333333641e+01
4.049302366666666586e+01
3.789572133333333426e+01
3.529841900000000265e+01
3.879982624999999530e+01
3.900563250000000437e+01
4.135069850000000002e+01
3.782043620000000317e+01
3.653460299999999705e+01
3.530087000000000330e+01
3.549351512500000183e+01
3.568616025000000036e+01
3.587880537499999889e+01
3.607145049999999742e+01
3.405071750000000463e+01
3.396060108333333716e+01
3.387048466666666968e+01
3.378036825000000221e+01
3.369025183333333473e+01
3.360013541666666725e+01
3.351001899999999978e+01
3.492317133333333601e+01
3.459385642857142784e+01
3.426454152380952678e+01
3.393522661904761861e+01
3.360591171428571755e+01
3.327659680952380938e+01
3.294728190476190832e+01
3.261796700000000016e+01
3.142075466666666728e+01
3.230654666666666941e+01
3.009407600000000116e+01
2.791230875000000111e+01
2.460591900000000010e+01
3.350368999999999886e+01
3.216401249999999834e+01
2.946172450000000254e+01
2.923013866666666516e+01
2.737760966666666818e+01
2.972475083333333146e+01
3.207189199999999829e+01
2.820796599999999899e+01
2.903806577777777775e+01
2.986816555555555652e+01
3.069826533333333529e+01
2.972487825000000328e+01
2.751289175000000142e+01
2.717414766666666637e+01
2.946243700000000132e+01
2.748040100000000052e+01
2.892928324999999745e+01
2.354398799999999881e+01
2.518594050000000095e+01
2.359799040000000048e+01
2.379112750000000176e+01
4.412816300000000069e+01
4.273597900000000038e+01
3.758801755555555246e+01
3.244005611111111165e+01
2.729209466666666728e+01
2.722304033333333351e+01
2.529094549999999941e+01
2.608920337500000031e+01
2.688746125000000120e+01
2.768571912499999854e+01
2.848397699999999944e+01
2.973720149999999762e+01
3.099042599999999936e+01
3.048627133333333106e+01
3.008703733333333474e+01
2.968780333333333488e+01
3.042721300000000184e+01
3.227565750000000122e+01
3.141825533333333098e+01
3.221138766666666697e+01
3.300451999999999941e+01
3.176062050000000170e+01
3.117564299999999733e+01
3.003586966666667024e+01
2.978633225000000095e+01
2.621827366666666492e+01
2.422725433333333456e+01
3.176162300000000016e+01
3.314688950000000034e+01
3.242041524999999780e+01
3.203056462499999668e+01
3.164071399999999912e+01
3.119890700000000194e+01
3.054731100000000055e+01
2.989571499999999915e+01
3.046749200000000002e+01
2.901675725000000128e+01
3.476113650000000632e+01
3.592423866666666044e+01
3.409673260000000283e+01
3.236332400000000575e+01
2.996758174999999724e+01
3.136046749999999861e+01
3.509309833333333728e+01
3.441423166666666589e+01
3.373536500000000160e+01
3.506458900000000511e+01
3.485317699999999519e+01
3.831024899999999889e+01
3.709979900000000441e+01
3.580259433333333163e+01
3.481043799999999777e+01
3.874877500000000197e+01
3.746882899999999950e+01
3.790252733333333168e+01
3.711066750000000525e+01
3.598917633333333299e+01
3.670905300000000437e+01
3.740093312500000167e+01
3.809281324999999896e+01
3.817820287499999665e+01
3.826359250000000145e+01
3.704124949999999927e+01
3.788699777777777911e+01
3.873274605555555183e+01
3.957849433333333167e+01
3.531805400000000361e+01
3.333054633333333072e+01
3.482070600000000127e+01
3.261543125000000032e+01
3.499769308333333129e+01
3.737995491666666226e+01
3.976221674999999323e+01
3.352893772222221713e+01
2.729565869444444104e+01
2.106237966666666850e+01
2.158614024999999970e+01
1.876113175000000055e+01
1.778318099999999902e+01
2.080737922222222380e+01
2.383157744444444504e+01
2.685577566666666982e+01
2.561041916666666296e+01
2.446971383333332994e+01
2.332900850000000048e+01
2.261374675000000067e+01
2.349773199999999918e+01
2.314293999999999940e+01
2.409064850000000035e+01
2.503835700000000131e+01
2.598606550000000226e+01
3.052718700000000140e+01
3.028379511111111100e+01
3.004040322222222414e+01
2.979701133333333374e+01
2.853923900000000202e+01
2.755132899999999907e+01
2.733775633333333133e+01
2.701068454166666655e+01
2.668361275000000177e+01
2.608870399999999989e+01
3.054112549999999970e+01
2.964824233333333225e+01
2.956373299999999915e+01
3.024206833333333222e+01
3.148868011111111187e+01
3.273529188888889507e+01
3.398190366666667472e+01
3.345727166666666363e+01
3.513058725000000493e+01
3.314417033333332796e+01
3.181306624999999855e+01
2.956480074999999985e+01
3.087710166666666467e+01
3.270233433333333295e+01
2.882113525000000109e+01
3.026145975000000021e+01
3.138883050000000097e+01
3.167547599999999974e+01
3.095382299999999987e+01
3.104874875000000145e+01
3.148096212500000135e+01
3.191317550000000125e+01
2.805614866666666884e+01
3.194150000000000134e+01
3.592204724999999854e+01
3.191262700000000052e+01
2.925301599999999880e+01
3.111016674999999765e+01
3.296731750000000005e+01
3.121762249999999739e+01
3.148223474999999993e+01
3.174684700000000248e+01
2.892225700000000188e+01
2.735757888888889156e+01
2.579290077777777768e+01
2.422822266666666735e+01
2.426528066666666561e+01
2.665916233333333452e+01
2.905304399999999987e+01
2.721443724999999958e+01
2.867840999999999951e+01
2.689423774999999850e+01
2.521622299999999939e+01
2.690047249999999934e+01
2.470258450000000039e+01
2.512640025000000321e+01
2.613269366666666471e+01
2.586633633333333293e+01
2.657720083333333605e+01
2.728806533333333562e+01
2.690221400000000074e+01
2.668291106250000055e+01
2.646360812500000037e+01
2.624430518750000019e+01
2.602500225000000000e+01
2.655275174999999876e+01
2.655970100000000400e+01
2.867216850000000150e+01
2.550887466666666725e+01
2.662199150000000003e+01
2.676637233333333299e+01
2.637623825000000011e+01
2.674479225000000326e+01
2.742770900000000012e+01
2.668735999999999819e+01
2.866050200000000103e+01
2.767345875000000177e+01
3.008711199999999764e+01
2.903293299999999988e+01
3.424233449999999834e+01
3.945173599999999681e+01
3.888586600000000004e+01
3.833157149999999547e+01
3.777727699999999800e+01
3.810430819999999841e+01
3.843133939999999882e+01
3.875837059999999212e+01
3.908540179999999253e+01
3.941243299999999294e+01
3.844834133333333170e+01
3.748424966666666336e+01
3.652015800000000212e+01
3.710033766666666821e+01
3.741578183333334096e+01
3.773122600000000659e+01
4.258507999999999782e+01
4.062543750000000387e+01
3.960645375000000001e+01
3.858747000000000327e+01
3.956709566666666689e+01
3.963410311111110929e+01
3.970111055555555168e+01
3.976811799999999408e+01
3.863753100000000273e+01
3.828317999999999444e+01
3.956033825000000093e+01
4.083749650000000031e+01
3.781224966666666631e+01
3.899559383333333074e+01
4.017893800000000226e+01
4.076916333333333142e+01
4.056734933333333259e+01
3.800038716666666971e+01
3.543342499999999973e+01
3.496162174999999905e+01
3.591259072916666639e+01
3.686355970833333373e+01
3.781452868750000107e+01
3.876549766666666841e+01
3.991502516666666622e+01
4.106455266666666404e+01
4.310574166666666684e+01
4.240984349999999381e+01
3.951581099999999935e+01
3.982126000000000232e+01
3.947582549999999912e+01
3.846588899999999711e+01
3.745595250000000220e+01
3.644601600000000019e+01
3.543607950000000528e+01
3.442614300000000327e+01
3.706360449999999673e+01
4.024753199999999964e+01
4.004107349999999599e+01
4.016422599999999932e+01
4.000076225000000107e+01
3.983729850000000283e+01
3.967383474999999748e+01
3.951037099999999924e+01
3.909095500000000101e+01
3.947906338888888911e+01
3.986717177777777721e+01
4.025528016666666531e+01
4.064338855555555341e+01
4.103149694444444151e+01
4.141960533333332961e+01
4.211767979166666009e+01
4.281575424999999768e+01
3.876546987500000085e+01
3.471518550000000403e+01
3.550463612500000465e+01
3.629408674999999818e+01
3.318771724999999861e+01
3.670454149999999771e+01
3.891204550000000495e+01
3.946351133333333649e+01
3.827385300000000257e+01
3.880257055555555468e+01
3.933128811111111389e+01
3.986000566666666600e+01
4.149036440000000425e+01
3.530915633333332693e+01
3.653972499999999712e+01
3.796067499999999484e+01
4.194402699999999840e+01
4.155820133333333644e+01
3.912847088888889147e+01
3.669874044444443939e+01
3.426900999999999442e+01
3.555410200000000032e+01
3.853277200000000136e+01
3.698240200000000044e+01
3.708770883333333046e+01
3.719301566666666048e+01
3.940277766666667247e+01
4.045374049999999500e+01
3.824037549999999896e+01
3.774225033333333101e+01
3.724412516666666306e+01
3.674599999999999511e+01
2.973188800000000143e+01
3.222806749999999454e+01
3.307485175000000055e+01
3.127207599999999843e+01
3.180709029999999871e+01
3.234210459999999898e+01
3.287711889999999926e+01
3.341213319999999953e+01
3.394714749999999981e+01
3.487505333333333368e+01
3.313587549999999737e+01
3.345255433333333173e+01
3.547640366666666267e+01
3.637361433333333594e+01
4.082860900000000015e+01
4.163070499999999896e+01
4.164477833333333479e+01
3.905287100000000322e+01
3.882848366666666351e+01
3.795308326388888531e+01
3.707768286111110712e+01
3.620228245833332892e+01
3.532688205555555783e+01
3.445148165277777963e+01
3.357608125000000143e+01
3.592340966666666446e+01
3.275645099999999843e+01
3.479112849999999924e+01
3.682580600000000004e+01
3.440003533333333507e+01
3.412584366666666824e+01
3.186366016666666923e+01
2.960147666666666666e+01
2.921484399999999937e+01
3.096626066666666688e+01
3.271767733333333439e+01
3.116343100000000277e+01
3.235505799999999965e+01
3.187847000000000008e+01
3.129124525000000290e+01
3.045254399999999606e+01
3.027593933333333709e+01
2.950434549999999945e+01
2.879689025000000058e+01
2.808943500000000171e+01
2.766038700000000006e+01
2.972402149999999921e+01
3.071852360000000459e+01
2.855723600000000317e+01
2.897140750000000153e+01
2.938557900000000345e+01
2.979975050000000181e+01
3.016165349999999989e+01
2.649235200000000034e+01
2.700820200000000071e+01
2.715410041666666530e+01
2.729999883333333344e+01
2.744589725000000158e+01
2.759179566666666616e+01
2.652622900000000072e+01
2.852720799999999812e+01
2.579371400000000136e+01
2.507237466666666847e+01
2.435103533333333203e+01
2.362969599999999915e+01
2.193896225000000300e+01
2.104678050000000056e+01
2.216186400000000134e+01
2.473516550000000080e+01
2.730846700000000027e+01
2.988176849999999973e+01
2.776403839999999690e+01
2.657518950000000046e+01
3.054541333333333242e+01
3.000023300000000148e+01
3.245537133333333912e+01
2.977396833333333248e+01
2.762931066666666879e+01
3.020063533333333439e+01
3.277195999999999998e+01
3.013934933333333177e+01
2.819351999999999947e+01
2.780861224999999948e+01
2.742370449999999948e+01
2.729856533333333246e+01
2.848783693749999912e+01
2.967710854166666223e+01
3.086638014583332890e+01
3.205565174999999556e+01
2.994732899999999987e+01
3.311977000000000260e+01
3.242968499999999921e+01
2.978560099999999977e+01
2.974285166666666669e+01
2.929191500000000303e+01
3.034576133333333559e+01
3.139960766666666814e+01
3.245345400000000069e+01
3.270381650000000207e+01
3.151570350000000076e+01
3.116148799999999852e+01
3.040134899999999973e+01
2.990347566666666879e+01
2.965048624999999660e+01
2.917024800000000084e+01
2.855170876315789386e+01
2.793316952631579042e+01
2.731463028947368343e+01
2.669609105263158000e+01
2.607755181578947301e+01
2.545901257894736958e+01
2.484047334210526259e+01
2.422193410526315915e+01
2.360339486842105217e+01
2.298485563157894873e+01
2.236631639473684174e+01
2.174777715789473831e+01
2.112923792105263132e+01
2.051069868421052433e+01
1.989215944736842090e+01
1.927362021052631746e+01
1.865508097368421048e+01
1.803654173684210349e+01
1.741800250000000005e+01
1.662572125000000156e+01
1.423330060000000152e+01
1.207839449999999992e+01
1.193147899999999950e+01
1.132354325000000017e+01
1.119636649999999989e+01
8.259816250000000082e+00
6.452847666666666981e+00
4.459098000000000006e+00
4.658971799999999774e+00
3.745894666666666595e+00
5.983480333333333512e+00
6.057269375000000622e+00
4.474481142857142935e+00
3.687718625000000028e+00
3.646253000000000188e+00
3.433792124999999640e+00
3.931644625000000115e+00
3.300868250000000170e+00
3.965438250000000053e+00
3.818443750000000136e+00
4.806287600000000104e+00
5.602194250000000153e+00
6.136776285714285351e+00
4.720858999999999916e+00
5.110761749999999992e+00
6.159955999999999321e+00
6.375599750000000121e+00
5.578414000000000428e+00
5.535064250000000463e+00
4.754450750000000170e+00
4.867688000000000237e+00
4.370660250000000246e+00
4.793991600000000020e+00
4.373707125000000140e+00
4.675702624999999557e+00
4.701970875000000660e+00
4.899026250000000360e+00
4.499989250000000496e+00
4.967613000000000056e+00
6.278001375000000550e+00
6.439166499999999793e+00
8.808241499999999391e+00
1.060195475000000087e+01
1.168307800000000007e+01
1.241949642424242484e+01
1.315591484848484782e+01
1.389233327272727259e+01
1.462875169696969735e+01
1.536517012121212034e+01
1.610158854545454687e+01
1.683800696969696986e+01
1.757442539393939285e+01
1.831084381818181583e+01
1.904726224242423882e+01
1.978368066666666536e+01
2.011505975000000035e+01
1.984848366666666664e+01
1.958190758333333292e+01
1.931533149999999921e+01
1.963194049999999891e+01
2.287728399999999951e+01
2.355584600000000250e+01
2.288669900000000368e+01
2.296278799999999976e+01
2.518481849999999866e+01
2.510879891666666452e+01
2.503277933333333394e+01
2.598828633333333116e+01
2.804697279166666846e+01
3.010565925000000220e+01
2.953544600000000031e+01
2.777965999999999980e+01
2.590852200000000138e+01
3.000774700000000195e+01
2.895972300000000033e+01
3.212113762499999581e+01
3.528255224999999484e+01
3.486358500000000049e+01
3.497048399999999901e+01
3.428750000000000142e+01
3.380311025000000313e+01
3.331872049999999774e+01
3.283433074999999945e+01
3.234994100000000117e+01
3.307712800000000186e+01
3.347954000000000008e+01
3.388195199999999829e+01
3.365910900000000083e+01
3.678929649999999896e+01
3.495954162499999995e+01
3.312978675000000095e+01
3.130003187499999839e+01
2.947027699999999939e+01
2.902693200000000218e+01
3.029159250000000014e+01
3.155625300000000166e+01
2.972556600000000060e+01
3.332721599999999995e+01
3.133175019999999833e+01
2.948418550000000238e+01
2.964863775000000246e+01
2.981309000000000253e+01
3.123683833333332771e+01
3.178189640000000082e+01
2.955874633333333179e+01
3.522013666666666865e+01
3.406814066666667173e+01
3.443508125000000319e+01
3.638998312500000054e+01
3.834488499999999789e+01
3.615054899999999805e+01
3.294457200000000086e+01
2.973859500000000011e+01
2.877646233333333115e+01
3.025059350000000080e+01
3.202661549999999835e+01
3.189467150000000117e+01
3.250380194999999617e+01
3.311293239999999827e+01
3.359179759999999959e+01
3.407066280000000091e+01
3.454952800000000224e+01
3.628186999999999784e+01
3.855987999999999971e+01
3.882352000000000203e+01
3.806916700000000020e+01
3.821241041666666405e+01
3.835565383333333500e+01
3.849889724999999885e+01
3.735519037499999939e+01
3.621148349999999994e+01
3.728469350000000304e+01
3.637171250000000100e+01
3.743413999999999930e+01
3.673605999999999483e+01
3.399728749999999877e+01
3.434616529166666510e+01
3.469504308333333142e+01
3.504392087499999775e+01
3.539279866666666408e+01
3.558807366666666638e+01
3.578334866666666159e+01
3.597862366666666389e+01
3.038809099999999930e+01
3.387522516666666661e+01
3.736235933333333037e+01
4.084949350000000123e+01
3.791415700000000299e+01
3.742933643749999817e+01
3.694451587500000045e+01
3.645969531250000273e+01
3.597487474999999790e+01
3.655225854166666011e+01
3.712964233333332942e+01
3.458652450000000300e+01
4.174676099999999934e+01
3.906058033333333412e+01
3.908561100000000010e+01
3.760996933333333203e+01
3.648697355555555788e+01
3.536397777777777662e+01
3.424098200000000247e+01
3.303208674999999772e+01
3.178614199999999812e+01
3.138381099999999790e+01
3.376340550000000462e+01
3.286357100000000031e+01
3.666542199999999951e+01
3.413395725000000169e+01
3.475371150000000853e+01
3.322108000000000061e+01
3.252506375000000105e+01
3.339496549999999786e+01
3.426486725000000177e+01
3.159219424999999859e+01
3.060971849999999961e+01
3.040861193749999813e+01
3.020750537500000021e+01
3.000639881249999874e+01
2.980529225000000082e+01
2.960418568749999935e+01
2.940307912499999787e+01
2.920197256249999995e+01
2.900086599999999848e+01
2.811072474999999926e+01
2.885307287500000228e+01
2.959542100000000175e+01
2.789822150000000178e+01
2.731703100000000006e+01
2.673584050000000190e+01
2.615465000000000018e+01
2.786987450000000166e+01
2.806045091666666735e+01
2.825102733333333660e+01
2.751161180000000428e+01
2.476535199999999648e+01
2.804302750000000088e+01
2.263312419999999747e+01
1.970095450000000170e+01
2.488521760000000071e+01
2.694089100000000059e+01
2.371095525000000137e+01
2.307934300000000150e+01
2.358235533333332867e+01
2.469998216666667190e+01
2.753636325000000085e+01
2.654678150000000159e+01
2.287487050000000011e+01
2.364968250000000083e+01
2.300996200000000158e+01
2.237024149999999878e+01
2.277906825000000168e+01
2.140931475000000006e+01
2.090877299999999650e+01
2.055601566666666713e+01
2.157015566666666473e+01
2.258429566666666588e+01
2.232928887499999959e+01
2.333500749999999968e+01
1.770899133333332998e+01
1.393614025000000112e+01
1.184465659999999865e+01
1.480809400000000053e+01
1.222999116666666630e+01
1.012073912500000006e+01
7.881873249999999942e+00
7.565669999999999895e+00
5.958074857142856118e+00
5.571662749999999775e+00
5.341404750000000590e+00
5.245390374999999494e+00
6.186811249999999873e+00
5.690513833333333160e+00
5.677768000000000370e+00
6.715618857142856335e+00
7.557948166666665912e+00
6.288562000000000651e+00
8.621154999999999902e+00
1.110514840000000092e+01
9.521855450000000332e+00
7.938562499999999744e+00
1.064001275000000035e+01
1.190577049999999915e+01
1.231092149999999918e+01
1.337550000000000061e+01
1.414650900000000178e+01
1.600481100000000012e+01
1.703909949999999895e+01
1.481246533333333382e+01
1.591498336666666802e+01
1.701750140000000044e+01
1.812001943333333287e+01
1.922253746666666885e+01
2.032505550000000127e+01
2.180987574999999978e+01
2.085710100000000011e+01
2.139161550000000034e+01
2.192613000000000056e+01
2.504884733333333102e+01
2.492347991666666474e+01
2.479811250000000200e+01
2.513002000000000180e+01
2.612504625000000047e+01
2.831014999999999660e+01
2.874600566666666523e+01
2.932728633333333335e+01
2.990856700000000146e+01
2.957982849999999786e+01
2.966181541666666632e+01
2.974380233333333479e+01
2.984368750000000148e+01
2.898999399999999937e+01
2.813630050000000082e+01
2.728260699999999872e+01
2.875730779999999953e+01
3.188900624999999778e+01
2.939796966666666478e+01
2.800146699999999811e+01
2.381180266666666512e+01
2.495671299999999704e+01
2.451954613333332844e+01
2.408237926666666340e+01
2.364521239999999835e+01
2.320804553333332976e+01
2.277087866666666116e+01
2.233371179999999612e+01
2.424032150000000385e+01
2.784719000000000122e+01
2.274661950000000132e+01
2.328860974999999911e+01
2.433083766666666747e+01
2.532290666666666468e+01
2.583039149999999751e+01
2.590506400000000298e+01
2.422677699999999845e+01
2.369884600000000319e+01
2.332073387500000194e+01
2.294262175000000070e+01
2.434336419999999634e+01
2.644964350000000053e+01
2.208424933333333229e+01
2.643923050000000075e+01
2.544035720000000111e+01
2.463944800000000157e+01
2.549938366666667022e+01
2.520603400000000249e+01
2.367160050000000027e+01
2.429964400000000069e+01
2.782978066666666450e+01
2.641902440000000141e+01
2.645085166666666510e+01
2.418956933333333481e+01
2.420897499999999880e+01
2.540933728571428318e+01
2.660969957142857112e+01
2.781006185714285550e+01
2.901042414285714344e+01
3.021078642857142782e+01
3.141114871428571576e+01
3.261151100000000014e+01
3.420015599999999978e+01
3.541807724999999607e+01
3.277018739999999752e+01
3.261133399999999938e+01
3.006180433333333468e+01
2.751227466666666643e+01
2.496274500000000174e+01
2.530704250000000144e+01
3.068037533333333400e+01
3.105675699999999750e+01
3.077365849999999980e+01
2.938085000000000235e+01
2.798804150000000135e+01
2.913189500000000010e+01
2.958209199999999939e+01
3.166913650000000047e+01
3.055654350000000008e+01
3.069187399999999855e+01
2.852267699999999806e+01
2.826380900000000196e+01
2.800494100000000230e+01
2.567931400000000153e+01
2.659886833333333200e+01
2.688888925000000185e+01
2.839310808333333469e+01
2.989732691666666753e+01
3.140154575000000037e+01
3.106301799999999957e+01
2.990568388888888762e+01
2.874834977777777567e+01
2.759101566666666372e+01
2.666229650000000007e+01
2.407678466666666850e+01
2.424911266666666521e+01
2.944355433333333139e+01
3.463799600000000112e+01
2.967180799999999863e+01
2.470561999999999969e+01
2.710493175000000221e+01
2.943093165625000296e+01
3.175693156250000015e+01
3.408293146875000446e+01
3.640893137500000165e+01
3.873493128124999885e+01
4.106093118750000315e+01
4.338693109374999324e+01
4.571293099999999754e+01
4.347717433333334469e+01
3.908646019999999766e+01
3.689251050000000021e+01
3.207312399999999997e+01
3.292817100000000607e+01
3.388081100000000134e+01
3.350812166666666059e+01
3.119600750000000033e+01
3.173096866666666571e+01
2.886923300000000125e+01
2.895253899999999803e+01
3.223163149999999888e+01
3.551072400000000329e+01
3.356535150000000556e+01
3.228052900000000136e+01
3.279002450000000124e+01
3.329952000000000112e+01
3.325626224999999891e+01
3.191098166666666813e+01
3.122834558333333277e+01
3.054570949999999740e+01
3.254941000000000173e+01
3.132294549999999589e+01
3.054646866666666583e+01
3.262632574999999946e+01
3.125747199999999992e+01
2.794410700000000247e+01
2.708887366666666807e+01
3.031177233333333731e+01
3.353467100000000300e+01
3.382955566666667124e+01
3.255243300000000062e+01
3.368823833333333084e+01
3.482404366666666817e+01
3.595984899999999840e+01
3.707984887499999616e+01
3.819984875000000102e+01
3.742426800000000497e+01
3.649876400000000132e+01
3.616210555555555572e+01
3.582544711111111013e+01
3.548878866666666454e+01
3.703023575000000278e+01
3.845555399999999935e+01
3.260233550000000236e+01
3.481542683333334054e+01
3.584106599999999787e+01
3.103620899999999949e+01
3.153058820000000040e+01
3.020878199999999936e+01
3.130823799999999935e+01
3.247546133333333529e+01
3.266205966666667138e+01
3.296406372222222814e+01
3.326606777777777779e+01
3.356807183333333455e+01
3.387007588888889131e+01
3.417207994444444097e+01
3.447408399999999773e+01
3.325793633333333332e+01
3.583824991666666904e+01
3.841856350000000475e+01
3.796898800000000307e+01
3.851511099999999743e+01
3.834104366666667119e+01
3.621974568750000145e+01
3.409844770833333882e+01
3.197714972916666909e+01
2.985585174999999936e+01
3.123140087499999851e+01
3.260694999999999766e+01
3.251089600000000246e+01
3.151966200000000029e+01
3.230658880000000011e+01
3.054381066666666200e+01
3.181141999999999825e+01
3.343216533333333729e+01
3.317096949999999822e+01
3.370959674999999578e+01
3.329595499999999930e+01
3.373681933333333660e+01
3.417768366666666680e+01
3.461854800000000409e+01
3.302439850000000376e+01
3.478781349999999861e+01
3.601010000000000133e+01
3.494470400000000154e+01
3.413814500000000152e+01
3.504236633333333373e+01
3.561281405555556034e+01
3.618326177777777986e+01
3.675370949999999937e+01
3.732415722222222598e+01
3.789460494444445260e+01
3.846505266666667211e+01
3.618547000000000224e+01
3.599458300000000577e+01
3.727481249999999591e+01
3.500783220000000284e+01
3.534148525000000518e+01
2.874621300000000090e+01
2.901978974999999750e+01
2.993647704166666657e+01
3.085316433333333563e+01
2.957406850000000276e+01
3.071755999999999887e+01
3.077974449999999962e+01
3.210245966666666817e+01
2.926443640000000102e+01
2.580556033333333588e+01
3.125039900000000159e+01
3.669523766666666376e+01
4.214007633333332592e+01
4.758491499999999519e+01
4.053996699999999720e+01
3.573085174999999936e+01
3.092173649999999796e+01
2.794179899999999961e+01
2.832208899999999829e+01
2.787251175000000103e+01
3.049824399999999969e+01
2.949551324999999835e+01
2.849278249999999701e+01
2.996036019999999667e+01
2.868777899999999548e+01
2.878141399999999805e+01
3.287199999999999989e+01
2.976287100000000052e+01
3.329816449999999861e+01
3.683345800000000025e+01
4.367803866666667290e+01
3.930106144444444993e+01
3.492408422222221986e+01
3.054710699999999690e+01
3.144517366666666547e+01
3.139010325000000279e+01
3.253060100000000432e+01
3.125527400000000000e+01
2.963075574999999873e+01
2.839802966666666251e+01
3.097260674999999708e+01
2.984717562499999843e+01
2.872174449999999979e+01
3.051866249999999781e+01
3.015092699999999937e+01
3.241921425000000312e+01
3.254498683333333275e+01
3.267075941666666949e+01
3.279653199999999913e+01
3.056293833333333509e+01
3.052978472222222450e+01
3.049663111111111036e+01
3.046347749999999976e+01
2.972339399999999898e+01
3.006256875000000051e+01
2.812301566666666375e+01
2.775061133333333530e+01
2.637188016666666712e+01
2.499314899999999895e+01
2.723647500000000221e+01
2.591615600000000086e+01
2.799891300000000172e+01
2.475962333333333376e+01
2.286898800000000165e+01
2.518766475000000327e+01
2.417702900000000099e+01
2.902296499999999924e+01
2.855271466666666313e+01
3.222373274999999637e+01
3.140389100000000155e+01
3.026994499999999988e+01
2.913599900000000176e+01
2.574105460000000178e+01
2.575259999999999749e+01
2.366127766666666687e+01
2.246523575000000150e+01
2.331847033333333385e+01
2.489151433333333330e+01
2.527976985714285618e+01
2.566802538095238262e+01
2.605628090476190550e+01
2.644453642857142839e+01
2.683279195238095127e+01
2.722104747619047771e+01
2.760930300000000059e+01
2.864979413333333369e+01
2.969028526666666679e+01
3.073077640000000343e+01
3.177126753333333653e+01
3.281175866666666963e+01
2.819749733333333452e+01
3.009269975000000130e+01
3.040555425000000156e+01
2.999932433333333393e+01
2.959309441666666629e+01
2.918686449999999866e+01
2.873471500000000489e+01
2.863115125000000205e+01
2.893525799999999748e+01
2.720064933333333101e+01
2.792980800000000130e+01
2.512211999999999890e+01
2.798122649999999823e+01
3.084033300000000111e+01
3.067432700000000168e+01
3.639595200000000119e+01
3.499462266666666466e+01
3.223024011111110809e+01
2.946585755555555508e+01
2.670147500000000207e+01
2.471293899999999510e+01
2.151720350000000082e+01
2.226018266666666534e+01
2.430380999999999858e+01
2.260836749999999995e+01
2.405260799999999932e+01
2.547308005000000009e+01
2.689355210000000085e+01
2.831402415000000161e+01
2.973449620000000237e+01
3.115496825000000314e+01
2.819381549999999947e+01
2.658585766666666572e+01
2.902323320833333042e+01
3.146060874999999868e+01
3.169478899999999655e+01
3.366426866666666484e+01
3.090084650000000011e+01
2.813742433333333182e+01
2.403614800000000074e+01
3.264511933333333360e+01
3.014244400000000113e+01
2.726601966666666499e+01
1.862605579999999961e+01
1.593663733333333177e+01
1.862802699999999945e+01
3.045681950000000171e+01
3.049763233333333190e+01
3.098605599999999782e+01
3.098227466666666530e+01
2.584171083333333030e+01
2.070114699999999885e+01
2.116647024999999971e+01
1.989538650000000075e+01
2.099221075000000170e+01
1.893033025000000080e+01
1.888619379166666690e+01
1.884205733333333299e+01
1.780949574999999996e+01
2.015552133333333273e+01
2.070890899999999846e+01
1.804592050000000114e+01
2.338933233333333916e+01
2.222280650000000080e+01
2.096974674999999877e+01
2.205308499999999938e+01
2.512665375000000267e+01
2.454972033333332959e+01
2.212608524999999915e+01
2.053178450000000055e+01
2.520917999999999992e+01
2.320248349999999959e+01
2.158744599999999991e+01
2.180162949999999711e+01
2.269546150000000040e+01
2.399880308333333545e+01
2.530214466666666695e+01
2.694432266666666465e+01
2.634361333333333377e+01
2.548407025000000203e+01
2.447454259999999948e+01
2.434570829999999830e+01
2.421687400000000068e+01
2.315037775000000053e+01
2.298047804166666808e+01
2.281057833333333562e+01
2.366328833333333037e+01
2.278627899999999684e+01
2.308151066666666296e+01
2.547016899999999850e+01
2.271374424999999775e+01
2.408591399999999894e+01
2.385594425000000030e+01
3.069338049999999996e+01
2.102153200000000055e+01
2.131358200000000025e+01
2.232825850000000045e+01
2.334293500000000066e+01
2.338694666666667032e+01
2.581376566666666506e+01
2.952818466666666453e+01
2.872320403333333161e+01
2.791822339999999869e+01
2.796634532499999892e+01
2.801446724999999915e+01
2.753333866666666907e+01
2.928525099999999881e+01
2.887735800000000097e+01
2.846946499999999958e+01
2.749131949999999946e+01
2.754234075000000104e+01
2.759336199999999906e+01
2.668982799999999500e+01
2.616395599999999888e+01
2.534160366666666775e+01
2.569644075000000072e+01
2.698322199999999782e+01
2.793244699999999980e+01
2.856378766666666635e+01
2.881704450000000151e+01
2.977295558333333503e+01
3.072886666666666500e+01
3.073268699999999853e+01
3.184811866666666447e+01
3.324751599999999740e+01
3.072784300000000002e+01
3.092625162499999902e+01
3.112466025000000158e+01
3.296865625000000222e+01
3.481265224999999930e+01
3.416010291666666632e+01
3.350755358333333334e+01
3.285500425000000035e+01
3.403900349999999975e+01
3.366771233333333413e+01
3.551365524999999934e+01
3.735959816666667166e+01
3.920554108333333687e+01
4.105148400000000208e+01
3.880212333333333419e+01
3.663361466666666644e+01
3.422331300000000454e+01
3.539369500000000102e+01
3.334756500000000301e+01
3.301474999999999937e+01
3.268193499999999574e+01
3.216016866666666374e+01
3.223122424444444789e+01
3.230227982222222494e+01
3.237333540000000909e+01
3.171574800000000138e+01
3.253713650000000257e+01
3.246515999999999735e+01
3.099383900000000125e+01
3.251080999999999932e+01
3.272247600000000034e+01
3.066595075000000037e+01
3.337422399999999811e+01
3.299896322222222267e+01
3.262370244444444012e+01
3.224844166666666467e+01
3.187318088888888568e+01
3.149792011111111023e+01
3.112265933333333123e+01
3.478513600000000139e+01
3.091752466666666521e+01
3.089834099999999850e+01
3.401034099999999682e+01
3.215918966666666279e+01
3.290166400000000380e+01
3.261214633333332813e+01
3.277490166666666482e+01
3.356635933333333099e+01
3.372989100000000207e+01
3.237405100000000147e+01
3.292950412500000112e+01
3.348495725000000078e+01
3.167566599999999966e+01
3.072510799999999875e+01
2.480028799999999478e+01
2.605525099999999838e+01
2.716245325000000221e+01
2.239479400000000098e+01
2.630972625000000065e+01
2.540860649999999765e+01
2.424269519999999645e+01
2.307678389999999879e+01
2.191087259999999759e+01
2.074496129999999994e+01
1.957904999999999873e+01
1.759405500000000089e+01
1.594515999999999956e+01
2.048888799999999932e+01
1.840006200000000192e+01
1.395973966666666577e+01
1.367461508333333242e+01
1.338949049999999907e+01
1.215647650000000013e+01
1.187923699999999805e+01
1.225551699999999933e+01
1.399306379999999805e+01
1.324955899999999964e+01
1.333999249999999925e+01
1.504465500000000056e+01
1.492217100000000052e+01
1.493785583333333200e+01
1.358246433333333414e+01
1.199056042857142934e+01
9.845633250000000558e+00
1.106078574999999908e+01
1.219893566666666551e+01
1.301609411111111037e+01
1.383325255555555522e+01
1.465041100000000007e+01
1.650838939999999866e+01
1.719508450000000011e+01
1.612636224999999968e+01
1.505763999999999925e+01
1.524455925000000001e+01
1.491836749999999867e+01
1.597432700000000061e+01
2.013410000000000011e+01
1.938436575000000062e+01
2.018824333333333243e+01
2.420140042857142859e+01
2.147557619999999901e+01
1.956192639999999727e+01
2.155639299999999992e+01
2.308126100000000491e+01
2.153295299999999912e+01
2.135890200000000050e+01
2.501369350000000225e+01
2.550367279999999681e+01
2.578811874999999887e+01
2.384281199999999856e+01
2.983994733333333116e+01
2.858800324999999987e+01
2.725839399999999912e+01
2.988016499999999809e+01
3.250193600000000060e+01
3.512370699999999601e+01
3.774547799999999853e+01
4.036724900000000105e+01
3.776803866666666210e+01
3.478741733333333030e+01
3.180679599999999851e+01
2.882617466666666317e+01
2.584555333333333138e+01
2.621947220000000200e+01
2.497278775000000195e+01
2.512317600000000084e+01
2.621740824999999830e+01
2.690634199999999865e+01
2.797184625000000224e+01
2.719441566666666787e+01
2.727602733333333163e+01
2.749412450000000163e+01
3.013216279999999614e+01
2.844310866666667081e+01
2.841981949999999912e+01
2.862116509999999892e+01
2.882251069999999871e+01
2.902385629999999850e+01
2.922520189999999829e+01
2.942654749999999808e+01
2.962789310000000143e+01
2.982923870000000122e+01
3.003058430000000101e+01
3.023192990000000080e+01
3.043327550000000059e+01
2.904511199999999960e+01
3.213127375000000541e+01
3.111153399999999891e+01
3.328970133333333337e+01
3.339472633333333107e+01
3.442238499999999846e+01
3.517930074999999590e+01
3.593621650000000045e+01
3.585242866666666828e+01
3.683766408333333686e+01
3.782289950000000545e+01
3.658678274999999758e+01
3.535066599999999681e+01
3.716511599999999760e+01
3.402240700000000828e+01
3.100995325000000236e+01
3.418429543749999766e+01
3.735863762500000007e+01
4.053297981250000248e+01
4.370732199999999779e+01
4.288406799999999919e+01
4.034053499999999559e+01
4.080620549999999724e+01
4.127187599999999890e+01
4.173754650000000055e+01
4.220321700000000220e+01
3.853635466666666076e+01
3.723281899999999922e+01
3.922577533333333122e+01
3.852811466666666007e+01
3.979020533333333276e+01
3.732593755555555504e+01
3.486166977777777731e+01
3.239740199999999959e+01
3.327226433333333944e+01
3.725739066666665877e+01
3.612247299999999939e+01
3.477361566666666448e+01
3.502132900000000149e+01
3.562498749999999603e+01
3.598527500000000146e+01
3.488738649999999808e+01
3.766224900000000275e+01
3.707596866666666102e+01
3.724016633333333459e+01
3.740436400000000106e+01
3.642833399999999955e+01
3.545230399999999804e+01
3.447627400000000364e+01
3.350024400000000213e+01
3.375576233333332965e+01
3.292418575000000658e+01
3.083654699999999949e+01
3.339509199999999822e+01
3.343182900000000046e+01
3.380043466666666774e+01
3.416904033333333501e+01
3.453764599999999518e+01
3.490625166666666246e+01
3.527485733333332973e+01
3.353843599999999725e+01
3.035860200000000120e+01
3.068343800000000243e+01
2.890190849999999756e+01
2.785115833333333057e+01
2.989191999999999894e+01
3.038802700000000101e+01
3.406416799999999512e+01
3.774030899999999633e+01
3.553543600000000424e+01
3.450337833333333748e+01
3.156597939999999625e+01
3.112827059999999690e+01
3.069056180000000111e+01
3.025285300000000177e+01
3.078232775000000032e+01
2.946857949999999704e+01
2.831713866666666490e+01
3.203698550000000012e+01
3.123981691666666904e+01
3.044264833333333442e+01
3.160972200000000143e+01
2.733835700000000202e+01
2.693742999999999554e+01
3.031874600000000086e+01
3.183422219999999925e+01
3.038986859999999979e+01
2.920136899999999969e+01
3.180048616666666916e+01
3.439960333333333864e+01
3.485338200000000342e+01
3.363202250000000504e+01
3.260185649999999669e+01
3.479492799999999875e+01
3.373453000000000657e+01
3.591310233333333457e+01
3.416696999999999917e+01
3.086548050000000032e+01
3.212736650000000083e+01
3.383456625000000173e+01
3.554176600000000263e+01
3.724896575000000354e+01
3.486713696000000340e+01
3.248530817000000326e+01
3.010347937999999957e+01
2.772165058999999943e+01
2.533982179999999929e+01
2.432330266666666674e+01
2.487857624999999828e+01
2.371204999999999785e+01
2.350333325000000073e+01
2.534906199999999998e+01
2.564434060000000315e+01
2.483738866666666922e+01
2.052748850000000047e+01
2.292734725000000040e+01
2.506006119999999981e+01
2.324580449999999843e+01
2.487778433333333439e+01
2.385136149999999944e+01
2.131011625000000009e+01
1.841605966666666561e+01
1.740761050000000054e+01
1.690993449999999854e+01
1.353332516666666585e+01
1.157799749999999861e+01
1.173616475000000037e+01
1.144415300000000002e+01
1.344361899999999999e+01
1.349182150000000036e+01
1.252503920000000015e+01
1.092975500000000011e+01
9.844862400000000235e+00
9.451002333333333283e+00
8.104354000000000724e+00
8.605005833333331466e+00
8.364288375000000997e+00
8.533296874999999559e+00
8.255246599999997770e+00
9.493308999999999997e+00
9.699082000000000647e+00
9.772754499999999567e+00
9.731014499999998790e+00
7.875185500000000616e+00
8.150471166666665823e+00
8.955163999999999902e+00
7.433472500000000593e+00
6.461019199999999962e+00
7.347462625000000358e+00
5.880930714285713456e+00
6.198373750000000015e+00
6.749331500000000261e+00
6.249102999999999852e+00
6.708553500000000724e+00
7.205932950000000226e+00
7.703312400000000615e+00
8.200691850000000116e+00
8.698071300000000505e+00
9.195450749999999118e+00
9.692830199999999508e+00
1.019020964999999990e+01
1.068758910000000029e+01
1.118496854999999890e+01
1.168234799999999929e+01
1.200724375000000066e+01
1.191849724999999971e+01
1.305546700000000016e+01
1.290486299999999886e+01
1.280079200000000128e+01
1.326715800000000023e+01
1.439484826666666706e+01
1.552253853333333389e+01
1.665022880000000072e+01
1.598465200000000230e+01
1.480528950000000066e+01
1.399921874999999893e+01
1.654317474999999860e+01
1.455128475000000066e+01
1.310633929166666789e+01
1.166139383333333335e+01
1.021644837500000058e+01
8.771502916666666039e+00
7.326557458333333273e+00
5.881612000000000506e+00
3.685043000000000291e+00
2.398309250000000059e+00
2.269810749999999544e+00
3.532154249999999607e+00
2.135013250000000085e+00
2.527204000000000228e+00
2.043646999999999991e+00
3.939109999999999445e+00
2.720374333333333450e+00
2.674455769230769775e+00
2.661553200000000174e+00
3.084471999999999881e+00
2.414533624999999795e+00
1.067063857142857008e+00
3.697994444444445139e-01
8.529214285714285804e-02
3.677417777777777785e-01
1.834744285714285661e-01
5.402936666666665610e-01
9.469991249999999416e-01
1.421355571428571496e+00
2.660805000000000309e+00
4.171678571428572013e+00
5.671557222222222805e+00
7.217570428571428387e+00
8.721877000000000990e+00
1.010790774999999897e+01
1.149393849999999873e+01
1.281919025000000190e+01
1.272290149999999898e+01
1.136518599999999957e+01
1.284158187499999926e+01
1.431797775000000073e+01
1.579437362500000042e+01
1.727076950000000011e+01
1.874716537500000157e+01
2.022356125000000304e+01
2.169995712500000451e+01
2.317635300000000242e+01
2.303951500000000152e+01
2.411499599999999788e+01
2.406835233333333335e+01
2.612448300000000145e+01
2.526986550000000165e+01
2.441524799999999829e+01
2.579223199999999849e+01
2.273563650000000180e+01
2.263742333333333079e+01
2.180626050000000049e+01
2.248513925000000313e+01
2.187914049999999833e+01
2.122621120000000161e+01
2.174289299999999869e+01
1.967623650000000168e+01
2.129377700000000218e+01
2.125021599999999822e+01
2.258113774999999990e+01
1.928260750000000101e+01
1.976320900000000336e+01
2.174828099999999864e+01
2.472890924999999740e+01
2.909113599999999877e+01
2.824603049999999982e+01
2.740092500000000086e+01
2.655581949999999836e+01
2.571071399999999940e+01
2.486560850000000045e+01
2.402050300000000149e+01
2.595024300000000039e+01
2.470757300000000001e+01
2.346490299999999962e+01
2.464641600000000210e+01
2.418333919999999893e+01
2.356841400000000064e+01
2.452431492857142814e+01
2.548021585714285919e+01
2.643611678571428669e+01
2.739201771428571419e+01
2.834791864285714524e+01
2.930381957142857274e+01
3.025972050000000024e+01
2.769820599999999899e+01
2.995976399999999984e+01
3.222132200000000068e+01
3.224748437499999909e+01
3.227364675000000460e+01
3.129862599999999873e+01
3.317379799999999790e+01
3.152655700000000039e+01
3.372361537500000139e+01
3.592067374999999885e+01
3.500913800000000009e+01
3.300397912500000075e+01
3.099882024999999786e+01
3.206182866666666342e+01
3.182991699999999824e+01
3.165928014999999718e+01
3.148864329999999967e+01
3.131800644999999861e+01
3.114736960000000110e+01
3.097673275000000004e+01
3.064824099999999873e+01
3.231382433333333637e+01
3.024783949999999777e+01
3.020063000000000031e+01
2.913417633333333256e+01
2.721327099999999888e+01
2.861930524999999648e+01
3.002533949999999763e+01
3.143137374999999878e+01
3.283740799999999638e+01
3.169777562499999846e+01
3.055814325000000053e+01
