1.189909938971956471e+01
1.125812611608853153e+01
1.125259280923289396e+01
1.228164692409748859e+01
1.078904587016019967e+01
1.058221541244114228e+01
1.123814069753860245e+01
1.094596719173507893e+01
1.131339797749424214e+01
1.076181512597488776e+01
1.073513588947324493e+01
1.153648751023615660e+01
1.117485301751243121e+01
1.066854676868256568e+01
1.146731192398013910e+01
1.202566044232614573e+01
1.134897856492304946e+01
1.121370891700870054e+01
1.115605047156713425e+01
1.120371205734555176e+01
1.175408359392747570e+01
1.200749566157743864e+01
1.099520949737344466e+01
1.141007326372725572e+01
1.123903992980909550e+01
1.158860802609843965e+01
1.115849029506032686e+01
1.159784317281568988e+01
1.192635734086469057e+01
1.109952121666751168e+01
1.117250453566206936e+01
1.079235897751476791e+01
1.084070220375602744e+01
1.114061875063220164e+01
1.167828416897476806e+01
1.110209127309272503e+01
1.169779341076452361e+01
1.131082081666947126e+01
1.091922103217719453e+01
1.056720193320230905e+01
1.113877286062695049e+01
1.163398080274690471e+01
1.088962665165852606e+01
1.195950648339769629e+01
1.122723589141777900e+01
1.122946951969945140e+01
1.030296247411399513e+01
1.223666049357551344e+01
1.078440756484855356e+01
1.136355458706294819e+01
1.151742778649483689e+01
1.127549288625018420e+01
1.143861048924299162e+01
1.112657332875153315e+01
1.071841589247222259e+01
1.182024701183690496e+01
1.169693291082896280e+01
1.133847038145390407e+01
1.103781558150943098e+01
1.127842831642146848e+01
1.080329728573301651e+01
1.102136125287544210e+01
1.038305627108239904e+01
1.064044810324898727e+01
1.114866067561290919e+01
1.046546518666264269e+01
1.066985639461049473e+01
1.146242369315569221e+01
1.174670127725497792e+01
1.022831374317912712e+01
1.173010998185211839e+01
1.112003365630210538e+01
1.118249751267661907e+01
1.185661145128458749e+01
1.138585147088061689e+01
1.090229353129950951e+01
1.196932642114311562e+01
1.156159042745538201e+01
1.053639806757957054e+01
1.134616859194937888e+01
1.134398203518075299e+01
1.147553166436952843e+01
1.075710372502353174e+01
1.136111895280788708e+01
1.164439971918533168e+01
1.130817763241738305e+01
1.109199669848541703e+01
1.146746117343603544e+01
1.078671944755893541e+01
1.098268517614436668e+01
1.163968689290936354e+01
1.159006898127581664e+01
1.132340626959349805e+01
1.142321662467364618e+01
1.128689963387222761e+01
1.145454676109119418e+01
1.112363962609153489e+01
1.081806043879637613e+01
1.062199403709809786e+01
1.060652481945501613e+01
1.127899916263230828e+01
1.177600747729800190e+01
1.095959055313816677e+01
1.195064380619258237e+01
1.112924826527330602e+01
1.130458987078596955e+01
1.145775533622637710e+01
1.119154189644354780e+01
1.137537950655063490e+01
1.243627792857494718e+01
1.095506444165149773e+01
1.132741138097804701e+01
1.182158020688363642e+01
1.130479154673519204e+01
1.144254937677737871e+01
1.177296472216550960e+01
1.030683914887370278e+01
1.124139243618787987e+01
1.140450667593161427e+01
1.149943390534335563e+01
1.048755221821597949e+01
1.094549687924654258e+01
1.146257532274017166e+01
1.088437229738653755e+01
1.097043484014407433e+01
1.156657660189412873e+01
1.101789768020759475e+01
1.105972025216997068e+01
1.136084073972757125e+01
1.089362286910599842e+01
1.115285048843555238e+01
1.130790017834991090e+01
1.153408813010672240e+01
1.056080376109116337e+01
1.098436683918465384e+01
1.074666501722433765e+01
1.159333393038782489e+01
1.137277449676404473e+01
1.133764345190097522e+01
1.127439449328884002e+01
1.144036364367152991e+01
1.102101063535967285e+01
1.087070046085146480e+01
1.123018387349969949e+01
1.152705188991425267e+01
1.148806714187461431e+01
1.108186402619746502e+01
1.112587693063413674e+01
1.161873757979398114e+01
1.036650784791626911e+01
1.183762601000839609e+01
1.093970830235103087e+01
1.162412581001325584e+01
1.176585420210434840e+01
1.167976622211983440e+01
1.130094145732395816e+01
1.155787215022298753e+01
1.156155358033371350e+01
1.123222123499732739e+01
1.191739625191678620e+01
1.094999377018051590e+01
1.132417787126192010e+01
1.096664207107975919e+01
1.189502468477378549e+01
1.085452080306290235e+01
1.140126413759524127e+01
1.132904570963946611e+01
1.162695064988930049e+01
1.089754641100004129e+01
1.123859405838425474e+01
1.114809956231465904e+01
1.165220563039675916e+01
1.093095697701783919e+01
1.193800199619514224e+01
1.146592744529157493e+01
1.118745508008564116e+01
1.121533796749243628e+01
1.165343007679002696e+01
1.138893647288221445e+01
1.157703134401015355e+01
1.143121766049989496e+01
1.156192949214768539e+01
1.129405369530340764e+01
1.108125190900853063e+01
1.094593295900808627e+01
1.105690612479236457e+01
1.180071110445970817e+01
1.157365373668992881e+01
1.058456285223585525e+01
1.154391426976037671e+01
1.152314081738043150e+01
1.148371647246209193e+01
1.084749839355077050e+01
1.181238323023615600e+01
1.124349404594419788e+01
1.144463279379630372e+01
1.099265636912593891e+01
1.143292493034537038e+01
1.150683766055638380e+01
1.148117516988023112e+01
1.145197303105456399e+01
1.136647487167554793e+01
1.029339900418207066e+01
1.116572720785561756e+01
1.077711013125206385e+01
1.169486321265493878e+01
1.183914408608334945e+01
1.155021474750800969e+01
1.100049565367694449e+01
1.090174887483543920e+01
1.078621703922725494e+01
1.098473908609216565e+01
1.133756341606252249e+01
1.055323850703656241e+01
1.127372405297566260e+01
1.096743351609506334e+01
1.102519571036716783e+01
1.117145722087394688e+01
1.072793025598440941e+01
1.138592397247069954e+01
1.114967869540266143e+01
1.188276757253532168e+01
1.145080532455042821e+01
1.125140696226097070e+01
1.167188901967898218e+01
1.153266489564062169e+01
1.126479621178786417e+01
1.142152367932642143e+01
1.167127966812648765e+01
1.097866724814323902e+01
1.125804950435381535e+01
1.125879782358488157e+01
1.085436640040328804e+01
1.108993703964204158e+01
1.123733437449495831e+01
1.074701957275571296e+01
1.109377183232952468e+01
1.096891661640109561e+01
1.069237229736846828e+01
1.120875804935855768e+01
1.080912997347734006e+01
1.120313253412141208e+01
1.119188616691431370e+01
1.138700089402463611e+01
1.098474949363383324e+01
1.061071184731670414e+01
1.185211607013523860e+01
1.104712885744358353e+01
1.159331811024232728e+01
1.089889775652185122e+01
1.120510218846505524e+01
1.125473027256227709e+01
1.133779914794506460e+01
1.089808130420895260e+01
1.184685800159047275e+01
1.105435441407368380e+01
1.157414475558555544e+01
1.107991947591828286e+01
1.169536139844587019e+01
1.152730528874696070e+01
1.110728146334392186e+01
1.161772117087431333e+01
1.167482558684534411e+01
1.099214741102903758e+01
1.147280420132688228e+01
1.186975341777291604e+01
1.108170745980928551e+01
1.195116947614590863e+01
1.157822382255594817e+01
1.099524134661076857e+01
1.144689416923812075e+01
1.126495283540293002e+01
1.081502284740949982e+01
1.055866218734102624e+01
1.117990459957098182e+01
1.155589071945440161e+01
1.143274879896902441e+01
1.188190320698874203e+01
1.155675556971681139e+01
1.094753119283922516e+01
1.114109385632362859e+01
1.102690029801751948e+01
1.090015842904112020e+01
1.103263812636060059e+01
1.123904927150140587e+01
1.096160457560832313e+01
1.189404484668846607e+01
1.153358735971079874e+01
1.140163984529350216e+01
1.063654540031950013e+01
1.139488589956968667e+01
1.108619784848539602e+01
1.096929983935205577e+01
1.144448203684862264e+01
1.102737849213371391e+01
1.132863683452959336e+01
1.184812192135984077e+01
1.112251701879480770e+01
1.148245355158596226e+01
1.071660510292499779e+01
1.126726935435639732e+01
1.107315790579540327e+01
1.080445577505719967e+01
1.161695552439751467e+01
1.179845046911370510e+01
1.139027983143221689e+01
1.188365158578820591e+01
1.105683532558617976e+01
1.121310787451606039e+01
1.130262542275494830e+01
1.139133344296298844e+01
1.096153544720015383e+01
1.088922642372139649e+01
1.118909508645713835e+01
1.153956220046947401e+01
1.118032124561264951e+01
1.135987825664071771e+01
1.080504753711034205e+01
1.178595027861841160e+01
1.144664787219824298e+01
1.098623285097725066e+01
1.167312695738970874e+01
1.175004161735379249e+01
1.096803791857932175e+01
1.208166159751359992e+01
1.079195742672197156e+01
1.130935590019850956e+01
1.164976119357975115e+01
1.216444238224592489e+01
1.131153560820308357e+01
1.076485219049088471e+01
1.078244795208803275e+01
1.089700059703430668e+01
1.114345049733033655e+01
1.104543164718125325e+01
1.117172796744595153e+01
1.166388584511675397e+01
1.071609113003080438e+01
1.143916189996095589e+01
1.100726566375316651e+01
1.095974822944850402e+01
1.094180008457955289e+01
1.101459269915361894e+01
1.171890863073858213e+01
1.175877593077585104e+01
1.100558001186043633e+01
1.121385985944878882e+01
1.082085098669609025e+01
1.120392709552891297e+01
1.159755725750314959e+01
1.125357733665655857e+01
1.125153232796385971e+01
1.096084146304987961e+01
1.163444156969720389e+01
1.084426347920970102e+01
1.142946832796305934e+01
1.223265708275682329e+01
1.082549167130973977e+01
1.095464456313865220e+01
1.092559370309991351e+01
1.114544939798912004e+01
9.741384483504546665e+00
1.077395806907074061e+01
1.172791457031781448e+01
1.156346113129647257e+01
1.038525892042330767e+01
1.152280331443871830e+01
1.125739934006559295e+01
1.133380356441584347e+01
1.088743547937435707e+01
1.069767387311263462e+01
1.106741146555435229e+01
1.093894911929295688e+01
1.143588177258498462e+01
1.164858890360190458e+01
1.146974693185673999e+01
1.095005119078104450e+01
1.159690984807939707e+01
1.132272841979549938e+01
1.103711781277737991e+01
1.137902728983222822e+01
1.177551848999843642e+01
1.068585113648545715e+01
1.100400087932955451e+01
1.104788993779337325e+01
1.051143977163510534e+01
1.154770022226925796e+01
1.095303007950033880e+01
1.141840564006536418e+01
1.097238502221278367e+01
1.155801914966323984e+01
1.084519674816265677e+01
1.100595699915865922e+01
1.101031682519531252e+01
1.207842636727702335e+01
1.137776401666085491e+01
1.252234118238790295e+01
1.084160347487645204e+01
1.137486875842802370e+01
1.064830251757210888e+01
1.164254822756521257e+01
1.148977385647071436e+01
1.103519333975903471e+01
1.141259651204169856e+01
1.131423842956637316e+01
1.133202790434265594e+01
1.184379679998257728e+01
1.124127198325887811e+01
1.130564439241441121e+01
1.077534658239215126e+01
1.112372370522969334e+01
1.217717235322694158e+01
1.127451824020183224e+01
1.173514548381702483e+01
1.127308336556385271e+01
1.149346334643425749e+01
1.130421386660832361e+01
1.066654699374494264e+01
1.173204128934519908e+01
1.147696636265890646e+01
1.125352413311943778e+01
1.177860522694816403e+01
1.087997812443733281e+01
1.087703946679178912e+01
1.111383716840695612e+01
1.109064377069248941e+01
1.144975313421906193e+01
1.146442184542046760e+01
1.148346725355735209e+01
1.146099872121639507e+01
1.172779269150919390e+01
1.116518076013598382e+01
1.096780483641932236e+01
1.117568113678094122e+01
1.195335627389438038e+01
1.137180297783812577e+01
1.123315780003038533e+01
1.170342432052514248e+01
1.167394279088678744e+01
1.169344492655389089e+01
1.112342928349214688e+01
1.118320828908187359e+01
1.057919936025617957e+01
1.141395301545218821e+01
1.102696259548379309e+01
1.114795887247137607e+01
1.118718215407901262e+01
1.103301575307568605e+01
1.127291704997104382e+01
1.119664723241452009e+01
1.169545040382887002e+01
1.114576181217042716e+01
1.182136692348122509e+01
1.157062918620191105e+01
1.112274186877358595e+01
1.138663076596740709e+01
1.206843294721914361e+01
1.182969019583885206e+01
1.128665188047555645e+01
1.102544791215900233e+01
1.124414240688895994e+01
1.139504769808190332e+01
1.181518658719312853e+01
1.062653523918664078e+01
1.110652827855982672e+01
1.229926899216644287e+01
1.059693668276712586e+01
1.136889677433714319e+01
1.230039687432192608e+01
1.101381263286943835e+01
1.138741468809019253e+01
1.156131072131556081e+01
1.081788615815408683e+01
1.144472160644393810e+01
1.119167348091075631e+01
1.150811721091910123e+01
1.089098801873917921e+01
1.167621870172306409e+01
1.078222908957716619e+01
1.182404815434014189e+01
1.195253149957691008e+01
1.106711335779062644e+01
1.131392639078799434e+01
1.145314074195791498e+01
1.105461602740398952e+01
1.139942576016226994e+01
1.117625092607943493e+01
1.090642782739096361e+01
1.080489712447143091e+01
1.145324296307920697e+01
1.134793017384596503e+01
1.125659905486025103e+01
1.123613961379495407e+01
1.110533096316923363e+01
1.031178888389731974e+01
1.142348102511209618e+01
1.142010193973708532e+01
1.167822393428573946e+01
1.132457445751979996e+01
1.156308323625821188e+01
1.181561870951761684e+01
1.097883164069329709e+01
1.086055980154509726e+01
1.062216849399045238e+01
1.139329074395444685e+01
1.137952762878069635e+01
1.154101996417576359e+01
1.129163012627369156e+01
1.055866218734102624e+01
1.136209298642763343e+01
1.161744397307432131e+01
1.204918994300355628e+01
1.160965280654167842e+01
1.140130750512087943e+01
1.147853635755705071e+01
1.128226613191844230e+01
1.105915338936895154e+01
1.110568500447245377e+01
1.061542374313189541e+01
1.214757637748723162e+01
1.183729059154947727e+01
1.133365161192174675e+01
1.105321306829299921e+01
1.083917627080982093e+01
1.121567000637825551e+01
1.163354970207627481e+01
1.111105394365168131e+01
1.094520319312306178e+01
1.111523586142396169e+01
1.139374467380135059e+01
1.143726575232176401e+01
1.187057115280647324e+01
1.124245398800904461e+01
1.185282048652712206e+01
1.178088348289449172e+01
1.080062696523268606e+01
1.166794685280816424e+01
1.147309559669554524e+01
1.111463137779548305e+01
1.151009131103850081e+01
1.217945200016888840e+01
1.131992718088046246e+01
1.115611085946369485e+01
1.123063459502862749e+01
1.137396559690245290e+01
1.168646914090051858e+01
1.152889165049800724e+01
1.194643408654543038e+01
1.189008236897194770e+01
1.139207997429225649e+01
1.235984852514413745e+01
1.089133246811935685e+01
1.143995863001310909e+01
1.104936963947618267e+01
1.073486582554756197e+01
1.160168668691345495e+01
1.145108793384244450e+01
1.167106928887389650e+01
1.113525483131983584e+01
1.120627166924307971e+01
1.150005213316839026e+01
1.093284332361004729e+01
1.107279148099854993e+01
1.076763798551829687e+01
1.145866863090071419e+01
1.082387762278427346e+01
1.151351530338443574e+01
1.145823638559354407e+01
1.090796319954137417e+01
1.103322409168216645e+01
1.133862062652369396e+01
1.057648343489782761e+01
1.101796970288606659e+01
1.025027768544420503e+01
1.151631374857206147e+01
1.112685454790490525e+01
1.125100031396812028e+01
1.105637538145843024e+01
1.133303719589114067e+01
1.095399483441508437e+01
1.156022373935489433e+01
1.130625820092402911e+01
1.117328941010322652e+01
1.118457795361567264e+01
1.153884335174449305e+01
1.153585171541723042e+01
1.135554696878582348e+01
1.166952097761124385e+01
1.097253084738263240e+01
1.097119277306397400e+01
1.069313627486149443e+01
1.162414525426826195e+01
1.103350685423064625e+01
1.111154770709121919e+01
1.180757422963620407e+01
1.101790196286302681e+01
1.086572269250230427e+01
1.160813226048763447e+01
1.057266146779150340e+01
1.167935566870744424e+01
1.105217539175387387e+01
1.033714463293337893e+01
1.150957170660542239e+01
1.124634073122792799e+01
1.168800037102601941e+01
1.159473239807804923e+01
1.184769296498517477e+01
1.055280979030688826e+01
1.082948008475423940e+01
1.096250235452175303e+01
1.193541939700743448e+01
1.178331009810205288e+01
1.215501411695479561e+01
1.191533443764575040e+01
1.104912981302364194e+01
1.258503350306542323e+01
1.143217056432960810e+01
1.100632461847563448e+01
1.069521136824408813e+01
1.129178007994512001e+01
1.088945764521746185e+01
1.112774302141059124e+01
1.114972487949489199e+01
1.175348425216202486e+01
1.178012911816587049e+01
1.093478187534749857e+01
1.118002160216135010e+01
1.106123430263189711e+01
1.099693280482062185e+01
1.116061944186412624e+01
1.105124486405252959e+01
1.144960371406543054e+01
1.084679332686104125e+01
1.148805301143936219e+01
1.190364594631597228e+01
1.068629822072071534e+01
1.122249506492075888e+01
1.140396791478517713e+01
1.167353816606719086e+01
1.174106267411490201e+01
1.074827840841648019e+01
1.102593332188856401e+01
1.160570172999960548e+01
1.184755243345890285e+01
1.083360397353891535e+01
1.082926342922498897e+01
1.103042694816250346e+01
1.116112209634267316e+01
1.083134231157948690e+01
1.081087166915925657e+01
1.148091181544493899e+01
1.181121542698903326e+01
1.126843897302514996e+01
1.055866218734102624e+01
1.103101951052581065e+01
1.167592601887077208e+01
1.060768927362847691e+01
1.091097893073101766e+01
1.094514922116166922e+01
1.144726801311890796e+01
1.141139781615651039e+01
1.165216434759873820e+01
1.106335526156723859e+01
1.132990396132013977e+01
1.116658951945495915e+01
1.162384846540838623e+01
1.102732008876866843e+01
1.143849519301982731e+01
1.152163518809431153e+01
1.167014553029945922e+01
1.123822157627733809e+01
1.154357625842365032e+01
1.189231259473189795e+01
1.106917760361663028e+01
1.122692842571461647e+01
1.207121970411637157e+01
1.141589054695219474e+01
1.070441189412581551e+01
1.188214827414980235e+01
1.083672888272383084e+01
1.073585915632088472e+01
1.139480510007108371e+01
1.129786750393525452e+01
1.140812467282708198e+01
1.128065063983516048e+01
1.175779628936726162e+01
1.065203188092422693e+01
1.145095309851721765e+01
1.151387564135815644e+01
1.148606512030833571e+01
1.161477219000620842e+01
1.146212608199028615e+01
1.109431805739293786e+01
1.175366908387231035e+01
1.168331759763315958e+01
1.134363878626400179e+01
1.154095827163001964e+01
1.130806455142453082e+01
1.123058619799659219e+01
1.121740077184513851e+01
1.124406416442581325e+01
1.114852850566269460e+01
1.113239744067951875e+01
1.174788646614459431e+01
1.084221313902478379e+01
1.135693023737153418e+01
1.099424781648448679e+01
1.113128126614192226e+01
1.157047062613160726e+01
1.095921875541508150e+01
1.104651313323707740e+01
1.216458019028182491e+01
1.093345305673903667e+01
1.093638343858857809e+01
1.106915455482452870e+01
1.191760062377982088e+01
1.126651722920766829e+01
1.102061012159216524e+01
1.141414915473212588e+01
1.196987592242535392e+01
1.156338282350225732e+01
1.162810042527704368e+01
1.119466220739704809e+01
1.102984881403026840e+01
1.151717951538636342e+01
1.136663312056175457e+01
1.144155572643869156e+01
1.135655477315576611e+01
1.233026336925061450e+01
1.168324710207568451e+01
1.111474966778643747e+01
1.083151013251776007e+01
1.150597933228907621e+01
1.120639538475955632e+01
1.112760785924974627e+01
1.172579141711509187e+01
1.083578335097234380e+01
1.094973592940725027e+01
1.093433375112898709e+01
1.142465312996659321e+01
1.154376385345424261e+01
1.073324303399159163e+01
1.182753239122400402e+01
1.109252688180320057e+01
1.137242641925728925e+01
1.144832351318669517e+01
1.093488947138188117e+01
1.104668410049934657e+01
1.115435670874613372e+01
1.119055495067067874e+01
1.165146457224924958e+01
1.095753839847210109e+01
1.113599254497463420e+01
1.125369439865194643e+01
1.171738317930731199e+01
1.135064770769171183e+01
1.149272025155251065e+01
1.143186111091181978e+01
1.181093082559897844e+01
1.106198585594001749e+01
1.120290075695380239e+01
1.074285672757561017e+01
1.076619311178244054e+01
1.164812791773540468e+01
1.112640027434365209e+01
1.142609200092133470e+01
1.155681521018722968e+01
1.096885930536089404e+01
1.090597892400197999e+01
1.123395463084501955e+01
1.086546498237551006e+01
1.099680858626046565e+01
1.082520831744881207e+01
1.142210393489048847e+01
1.206596902441737740e+01
1.077615903322418767e+01
1.163264603468755176e+01
1.162971102023406900e+01
1.129016653764491096e+01
1.147186929824349022e+01
1.074495734666464131e+01
1.078192129527920606e+01
1.125339909716304909e+01
1.194246346107754420e+01
1.138619830940764466e+01
1.105751266708522884e+01
1.153664653979189403e+01
1.130046654725188482e+01
1.077764177960148295e+01
1.213028763015987010e+01
1.228944625541445035e+01
1.124307665396026579e+01
1.112418183423823947e+01
1.087229036208678323e+01
1.149297559064745045e+01
1.064677998777363932e+01
1.175974788108505642e+01
1.144932343486815540e+01
1.074508851638133855e+01
1.149891489548915935e+01
1.133877595664133153e+01
1.145718408105492969e+01
1.055866218734102624e+01
1.109598044332277134e+01
1.138188499061777215e+01
1.132036588033419022e+01
1.099086754727647985e+01
1.020651482666200494e+01
1.109030598736815065e+01
1.146318797594705430e+01
1.164119154750188834e+01
1.120226539680032651e+01
1.060848047289336904e+01
1.161150159734344456e+01
1.087568668387440951e+01
1.178327910698452996e+01
1.116470728659140654e+01
1.155101635598276211e+01
1.108143485064175948e+01
1.133375079406991937e+01
1.134904940175432664e+01
1.117863556856377372e+01
1.137227399601316336e+01
1.087011355213997454e+01
1.147517152445670874e+01
1.082299290474542275e+01
1.106042013432559479e+01
1.116558668197493276e+01
1.170666859695854178e+01
1.156048850633761660e+01
1.134853764317035818e+01
1.130519828360824341e+01
1.137998541492071425e+01
1.062560620344681794e+01
1.110846837897653039e+01
1.132875814618762966e+01
1.061341121599830295e+01
1.155607556733009034e+01
1.133664730829551281e+01
1.148424218050283940e+01
1.177527681836623330e+01
1.144616371879321548e+01
1.126646776848097531e+01
1.182418313212971661e+01
1.137038371104920209e+01
1.089993375743209292e+01
1.148425494724077289e+01
1.126223828112644476e+01
1.137131359423626620e+01
1.173687917654213742e+01
1.150433791725016164e+01
1.079182275550445880e+01
1.132245594717074866e+01
1.211952619061691827e+01
1.154234394146431519e+01
1.103051642974470781e+01
1.055866218734102624e+01
1.090234634377610412e+01
1.165253759932412514e+01
1.149556119694759282e+01
1.079177378067533688e+01
1.086618794029393342e+01
1.070000064528863071e+01
1.140917104617843947e+01
1.115510586151751049e+01
1.120664779650123499e+01
1.137939781492125135e+01
1.107491340813651348e+01
1.148067316667854065e+01
1.153135280714948685e+01
1.147111562767131687e+01
1.129003857286903489e+01
1.125330922262346078e+01
1.141214800803389551e+01
1.092775280420666029e+01
1.120591108380891932e+01
1.170138373296177114e+01
1.211133309680759140e+01
1.116935782473129635e+01
1.159046889700125504e+01
1.068908606148373686e+01
1.142154075417649928e+01
1.176091060164434943e+01
1.139414025068118796e+01
1.139497348377043018e+01
1.162151598057614699e+01
1.181379201263592726e+01
1.160676929909955568e+01
1.183661161966969111e+01
1.128031212902409131e+01
1.090220273949286955e+01
1.143009709937871499e+01
1.085613204966296941e+01
1.107794889017672446e+01
1.103461405084763314e+01
1.070263080204611228e+01
1.155185150408035355e+01
1.096030975759522974e+01
1.127084787721013015e+01
1.101857583461873880e+01
1.146697494726691424e+01
1.125577512635519106e+01
1.083201847595745093e+01
1.172677364098737662e+01
1.160754926612609061e+01
1.161452341965201107e+01
1.135702884256038914e+01
1.070494831795352120e+01
1.136000612431055679e+01
1.166702923988001039e+01
1.071696543323799489e+01
1.108730095578198060e+01
1.193573542760081274e+01
1.188173837685542722e+01
1.118693541303954930e+01
1.145030953974587007e+01
1.166706590692067103e+01
1.052796257915561817e+01
1.142092719006067547e+01
1.113763653424222078e+01
1.108011818090427525e+01
1.118500928085796176e+01
1.083498654996137134e+01
1.197889763218308801e+01
1.160339723558389302e+01
1.045840734553384266e+01
1.113558207258869182e+01
1.074726965244027710e+01
1.134942615970728319e+01
1.091493211147205855e+01
1.132752418831559460e+01
1.163349033893211448e+01
1.259904911317700993e+01
1.108303043805866572e+01
1.086371348106223067e+01
1.183291727655293712e+01
1.145961222132874724e+01
1.199201969995573869e+01
1.146511288530619943e+01
1.121885779982019216e+01
1.096982892775856477e+01
1.125071168784822540e+01
1.128940438556118941e+01
1.146704923365138562e+01
1.141927417290941982e+01
1.005005981400725901e+01
1.059024572020766897e+01
1.178962368825463081e+01
1.130855201406267163e+01
1.055866218734102624e+01
1.122669063855908966e+01
1.097765062756117160e+01
1.146548157518025945e+01
1.144210187878965712e+01
1.080541391279137109e+01
1.138636063421646405e+01
1.089110588125375578e+01
1.091801645678667221e+01
1.094472379529153194e+01
1.162142445621860176e+01
1.089897273605051709e+01
1.121637792043880566e+01
1.108884545246596254e+01
1.189247881210565261e+01
1.094787892187029321e+01
1.096244383056698801e+01
1.146948452618349634e+01
1.137198711379210003e+01
1.146362724794765597e+01
1.106598408134577127e+01
1.155532089632981041e+01
1.126368146223708777e+01
1.145622571081908703e+01
1.127724936221342844e+01
1.164238443962349123e+01
1.138945655490571873e+01
1.098889747530316008e+01
1.138508753018150266e+01
1.194303453396941173e+01
1.106862244564272402e+01
1.125179674157713094e+01
1.099714720793331502e+01
1.169116233379713776e+01
1.093107266701667513e+01
1.177129265253902624e+01
1.110480870230809991e+01
1.105189021936368299e+01
1.067573080179829148e+01
1.157909226949271364e+01
1.146223110175700910e+01
1.163108105829359573e+01
1.182787993928408454e+01
1.042032289909588094e+01
1.115479660086696434e+01
1.122685294410028334e+01
1.148989947921741894e+01
1.179194610118638842e+01
1.080190216486723820e+01
1.129815520243206528e+01
1.116244577438142294e+01
