0.000000000000000000e+00
7.500000000000000000e+01
7.500000000000000000e+01
7.500000000000000000e+01
7.500000000000000000e+01
7.500000000000000000e+01
7.500000000000000000e+01
7.500000000000000000e+01
7.500000000000000000e+01
7.500000000000000000e+01
7.500000000000000000e+01
7.500000000000000000e+01
7.500000000000000000e+01
7.500000000000000000e+01
7.500000000000000000e+01
7.500000000000000000e+01
7.500000000000000000e+01
7.500000000000000000e+01
7.500000000000000000e+01
7.500000000000000000e+01
7.500000000000000000e+01
7.500000000000000000e+01
7.500000000000000000e+01
7.500000000000000000e+01
7.500000000000000000e+01
7.500000000000000000e+01
7.500000000000000000e+01
7.500000000000000000e+01
7.500000000000000000e+01
7.500000000000000000e+01
7.500000000000000000e+01
7.500000000000000000e+01
7.500000000000000000e+01
7.500000000000000000e+01
7.500000000000000000e+01
7.500000000000000000e+01
7.500000000000000000e+01
7.500000000000000000e+01
7.500000000000000000e+01
7.500000000000000000e+01
7.500000000000000000e+01
7.500000000000000000e+01
7.500000000000000000e+01
7.500000000000000000e+01
7.500000000000000000e+01
7.499999999999992895e+01
7.499999999999943157e+01
7.499999999999558042e+01
7.499999999997197619e+01
7.499999999984812860e+01
7.499999999928390082e+01
7.499999999700631292e+01
7.499999998873923346e+01
7.499999996142616965e+01
7.499999987845527016e+01
7.499999964472239355e+01
7.499999902968743015e+01
7.499999750854861702e+01
7.499999395331819585e+01
7.499998606400902190e+01
7.499996937323531654e+01
7.499993558500321456e+01
7.499986992295254140e+01
7.499974707129197782e+01
7.499952520399567391e+01
7.499913752950465096e+01
7.499848074734892123e+01
7.499739983911162255e+01
7.499566871697496140e+01
7.499296644239126408e+01
7.498884901181421014e+01
7.498271708322636186e+01
7.497378047320708561e+01
7.496102076566857875e+01
7.494315390664587540e+01
7.491859517335780083e+01
7.488542935344678142e+01
7.484138930239461729e+01
7.478384621417140465e+01
7.470981489574627687e+01
7.461597704008471510e+01
7.449872491512924455e+01
7.435422701422909597e+01
7.417851605469601850e+01
7.396759830216402065e+01
7.371758160959969075e+01
7.342481789792050506e+01
7.308605421092208587e+01
7.269858511592342154e+01
7.226039826637791919e+01
7.177030455134277531e+01
7.122804454452105460e+01
7.063436398034133390e+01
6.999105268833095295e+01
6.930094368102135149e+01
6.856787170550855137e+01
6.779659327094012156e+01
6.699267267313096852e+01
6.616234059766864561e+01
6.531233330107917823e+01
6.444972104081809050e+01
6.358173434137357560e+01
6.271559592774772085e+01
6.185836487948341045e+01
6.101679794759668596e+01
6.019723123066624737e+01
5.940548370386239441e+01
5.864678257782423287e+01
5.792570922891797380e+01
5.724616353783079603e+01
5.661134390834375552e+01
5.602373999015991046e+01
5.548513515634714821e+01
5.499661603459295378e+01
5.455858680704396590e+01
5.417078652397772487e+01
5.383230827559424370e+01
5.354161969378264985e+01
5.329658487708054082e+01
5.309448841588576329e+01
5.293206271122911488e+01
5.280552019838343369e+01
5.271059237397557951e+01
5.264257764849578081e+01
5.259639997229266584e+01
5.256667988399223646e+01
5.254781908761748355e+01
5.253409887728553684e+01
5.251979171894274145e+01
5.249928411958190111e+01
5.246720765054202928e+01
5.241857375773462024e+01
5.234890692458176176e+01
5.225436999649444658e+01
5.213187515892037283e+01
5.197917427863352202e+01
5.179492310810331190e+01
5.157871518370942709e+01
5.133108301583695265e+01
5.105346620547734915e+01
5.074814822033184214e+01
5.041816550578879941e+01
5.006719419705297014e+01
4.969942079314897398e+01
4.931940367533931635e+01
4.893193229983307901e+01
4.854189033270246512e+01
4.815412803868876068e+01
4.777334802734811348e+01
4.740400714630683865e+01
4.705023602374679115e+01
4.671577660390869369e+01
4.640393705930483037e+01
4.611756273609100276e+01
4.585902129962564544e+01
4.563019997820320128e+01
4.543251272244216921e+01
4.526691516695647266e+01
4.513392545970131664e+01
4.503364927563086439e+01
4.496580762309461221e+01
4.492976635780948413e+01
4.492456662011621660e+01
4.494895569130160595e+01
4.500141801254395091e+01
4.508020631672784617e+01
4.518337298208171404e+01
4.530880182192196060e+01
4.545424057286019348e+01
4.561733433267590954e+01
4.579566012930133212e+01
4.598676267799900330e+01
4.618819121287936014e+01
4.639753707386844184e+01
4.661247150784877391e+01
4.683078292322352354e+01
4.705041264291477887e+01
4.726948805410344079e+01
4.748635197367676852e+01
4.769958705116905406e+01
4.790803412353140089e+01
4.811080361718398279e+01
4.830727935216479807e+01
4.849711442207789247e+01
4.868021917681758737e+01
4.885674169403199585e+01
4.902704146116428774e+01
4.919165727708873703e+01
4.935127060131889465e+01
4.950666571794191384e+01
4.965868813794420333e+01
4.980820264275340747e+01
4.995605228567483636e+01
5.010301953301490130e+01
5.024979056167651947e+01
5.039692355308815763e+01
5.054482165022912454e+01
5.069371108700317308e+01
5.084362486424464578e+01
5.099439223618831107e+01
5.114563418268498651e+01
5.129676496946687791e+01
5.144699983248990804e+01
5.159536875274217493e+01
5.174073620507063964e+01
5.188182666027122281e+01
5.201725548841218227e+01
5.214556475135507441e+01
5.226526318633175094e+01
5.237486947754354816e+01
5.247295770089395006e+01
5.255820362385690458e+01
5.262943036655735085e+01
5.268565180097196787e+01
5.272611200146964450e+01
5.275031907739911219e+01
5.275807182762104475e+01
5.274947786129585126e+01
5.272496212419428474e+01
5.268526514207849942e+01
5.263143072125988198e+01
5.256478330416130262e+01
5.248689563405610414e+01
5.239954780736062645e+01
5.230467915626613973e+01
5.220433468748753114e+01
5.210060799103093387e+01
5.199558262184246615e+01
5.189127395159371048e+01
5.178957339975105612e+01
5.169219679966240477e+01
5.160063845617593614e+01
5.151613222517118373e+01
5.143962070806998099e+01
5.137173341662394677e+01
5.131277452980535969e+01
5.126272063432335813e+01
5.122122860717587400e+01
5.118765355384132931e+01
5.116107644996553461e+01
5.114034084100607913e+01
5.112409763192466983e+01
5.111085665408231904e+01
5.109904334453383257e+01
5.108705853865593838e+01
5.107333909273797445e+01
5.105641685525650075e+01
5.103497342984189800e+01
5.100788824884186567e+01
5.097427772123288037e+01
5.093352363306930641e+01
5.088528954413011718e+01
5.082952460350345092e+01
5.076645494665643810e+01
5.069656357478603326e+01
5.062056028999869994e+01
5.053934380961752737e+01
5.045395856560337222e+01
5.036554888485945725e+01
5.027531323733048652e+01
5.018446104463949808e+01
5.009417419148514483e+01
5.000557491476884309e+01
4.991970120627338758e+01
4.983749029867632885e+01
4.975977025293422429e+01
4.968725916228698480e+01
4.962057106108994020e+01
4.956022729395077420e+01
4.950667187294045846e+01
4.946028923156074342e+01
4.942142277101708459e+01
4.939039267908408704e+01
4.936751167178498179e+01
4.935309754682755568e+01
4.934748172606434480e+01
4.935101328135815635e+01
4.936405826294686960e+01
4.938699446152974559e+01
4.942020201695599724e+01
4.946405052312456263e+01
4.951888346023346799e+01
4.958500090614445099e+01
4.966264153711906459e+01
4.975196492730160003e+01
4.985303510204983723e+01
4.996580620082423252e+01
5.009011097045662808e+01
5.022565264935590790e+01
5.037200062754062913e+01
5.052859008567958199e+01
5.069472563707221724e+01
5.086958882723723718e+01
5.105224919300502506e+01
5.124167845219039918e+01
5.143676729039493267e+01
5.163634413634890308e+01
5.183919527311633146e+01
5.204408561952518397e+01
5.224977953269564068e+01
5.245506102516905145e+01
5.265875285400699113e+01
5.285973401831736140e+01
5.305695528937879857e+01
5.324945248738698922e+01
5.343635730516685101e+01
5.361690555774757172e+01
5.379044280512515996e+01
5.395642735350399732e+01
5.411443068935066236e+01
5.426413544365865249e+01
5.440533102457077774e+01
5.453790709850761687e+01
5.466184514587192211e+01
5.477720836835802487e+01
5.488413028005887639e+01
5.498280237107288571e+01
5.507346128554402753e+01
5.515637600017023345e+01
5.523183551786178924e+01
5.530013759843541976e+01
5.536157902914708728e+01
5.541644788942164013e+01
5.546501818548406959e+01
5.550754712328671303e+01
5.554427515608652044e+01
5.557542879230971522e+01
5.560122598775085123e+01
5.562188378276980671e+01
5.563762768981880669e+01
5.564870219942790186e+01
5.565538166346620841e+01
5.565798074198097822e+01
5.565686357166330112e+01
5.565245083545482885e+01
5.564522398686121818e+01
5.563572600895288645e+01
5.562455826310279861e+01
5.561237319885686503e+01
5.559986294298211362e+01
5.558774404851621398e+01
5.557673894688892346e+01
5.556755488976119040e+01
5.556086137373986844e+01
5.555726719329203434e+01
5.555729835018946261e+01
5.556137805062200385e+01
5.556980993757901643e+01
5.558276553587933932e+01
5.560027663644451223e+01
5.562223302793523061e+01
5.564838561725670019e+01
5.567835459129369013e+01
5.571164189100008457e+01
5.574764692895592333e+01
5.578568421622796336e+01
5.582500140425332091e+01
5.586479621624678060e+01
5.590423085389644342e+01
5.594244271949315817e+01
5.597855067727112299e+01
5.601165656232168288e+01
5.604084219017409652e+01
5.606516267528795794e+01
5.608363737848205233e+01
5.609524021932740823e+01
5.609889136407533528e+01
5.609345239837590213e+01
5.607772699712443654e+01
5.605046880814052201e+01
5.601039778614752151e+01
5.595622557940121311e+01
5.588668982892019699e+01
5.580059644735835178e+01
5.569686816724612299e+01
5.557459695617610862e+01
5.543309735654825232e+01
5.527195747746179677e+01
5.509108428778949929e+01
5.489074005166552439e+01
5.467156720342897103e+01
5.443459964385898076e+01
5.418125929377190886e+01
5.391333768659653458e+01
5.363296333096371171e+01
5.334255644174790945e+01
5.304477334961926971e+01
5.274244340190760028e+01
5.243850143412817033e+01
5.213591892138762063e+01
5.183763673558885898e+01
5.154650207955299379e+01
5.126521169519686083e+01
5.099626290496640735e+01
5.074191349518270044e+01
5.050415092934218819e+01
5.028467091963590008e+01
5.008486500458508317e+01
4.990581648692810290e+01
4.974830387666921183e+01
4.961281085086416454e+01
4.949954167180278830e+01
4.940844098494630288e+01
4.933921693410996312e+01
4.929136657276674072e+01
4.926420260855519473e+01
4.925688058763805088e+01
4.926842570373447217e+01
4.929775850285714256e+01
4.934371884983326595e+01
4.940508762790830843e+01
4.948060575915812365e+01
4.956899026109217488e+01
4.966894719223103039e+01
4.977918148334862281e+01
4.989840379651795388e+01
5.002533469470285610e+01
5.015870653308796534e+01
5.029726359206521380e+01
5.043976105367526941e+01
5.058496347235140433e+01
5.073164340276459683e+01
5.087858082031366536e+01
5.102456390363622063e+01
5.116839164620166969e+01
5.130887863071342991e+01
5.144486214293056747e+01
5.157521162957911542e+01
5.169884032846741917e+01
5.181471872864604222e+01
5.192188936541292321e+01
5.201948232950716999e+01
5.210673078099270583e+01
5.218298571314936396e+01
5.224772921457962127e+01
5.230058552999078358e+01
5.234132931955151946e+01
5.236989065763033580e+01
5.238635648504556741e+01
5.239096842280769550e+01
5.238411705580835331e+01
5.236633298713127971e+01
5.233827513298968626e+01
5.230071686159743649e+01
5.225453066611034814e+01
5.220067209536825459e+01
5.214016364415294902e+01
5.207407922938470790e+01
5.200352975706520908e+01
5.192965012790179458e+01
5.185358785169598406e+01
5.177649325803947278e+01
5.169951112048963893e+01
5.162377336909961656e+01
5.155039246539778475e+01
5.148045496431809198e+01
5.141501479407033059e+01
5.135508584706914803e+01
5.130163358699004306e+01
5.125556552809303668e+01
5.121772061857542724e+01
5.118885774284252221e+01
5.116964373035554559e+01
5.116064140415437578e+01
5.116229830574739879e+01
5.117493678405791258e+01
5.119874612840870043e+01
5.123377735810861111e+01
5.127994115817787701e+01
5.133700928093234239e+01
5.140461952936561829e+01
5.148228421636581231e+01
5.156940177145436621e+01
5.166527096210246839e+01
5.176910702697978905e+01
5.188005889852076535e+01
5.199722663296350333e+01
5.211967817357840715e+01
5.224646464746228958e+01
5.237663353229928020e+01
5.250923921546396400e+01
5.264335068761157999e+01
5.277805634715002725e+01
5.291246612017499729e+01
5.304571130295929748e+01
5.317694269425081188e+01
5.330532769041301577e+01
5.343004706151637606e+01
5.355029211066705841e+01
5.366526284774746358e+01
5.377416769280117137e+01
5.387622507736872279e+01
5.397066714968048018e+01
5.405674562710204611e+01
5.413373969017894183e+01
5.420096568750587807e+01
5.425778832596082424e+01
5.430363295884759367e+01
5.433799855343107765e+01
5.436047091421246336e+01
5.437073575193468855e+01
5.436859121277495177e+01
5.435395951005533277e+01
5.432689732635196833e+01
5.428760467386976529e+01
5.423643191496347526e+01
5.417388465499214334e+01
5.410062623061953957e+01
5.401747753365409466e+01
5.392541393899406188e+01
5.382555914952979492e+01
5.371917583328529133e+01
5.360765300842574987e+01
5.349249022710554868e+01
5.337527871418222958e+01
5.325767972456332444e+01
5.314140048556640039e+01
5.302816818056659542e+01
5.291970250097350004e+01
5.281768734076818106e+01
5.272374222944319655e+01
5.263939409580392947e+01
5.256604992970658685e+01
5.250497086635136412e+01
5.245724816440998239e+01
5.242378149170745161e+01
5.240525987673373720e+01
5.240214563620003219e+01
5.241466155177703712e+01
5.244278154456088004e+01
5.248622508288706001e+01
5.254445555470737617e+01
5.261668283459530926e+01
5.270187027059407114e+01
5.279874629954778698e+01
5.290582086298240938e+01
5.302140673145308369e+01
5.314364574772456962e+01
5.327053986518325956e+01
5.339998668824858896e+01
5.352981902148908944e+01
5.365784771370257999e+01
5.378190685703768992e+01
5.389990018771664637e+01
5.400984735471435272e+01
5.410992859663527810e+01
5.419852631342000393e+01
5.427426205186073105e+01
5.433602754841717086e+01
5.438300868689175616e+01
5.441470152021093298e+01
5.443091985435032143e+01
5.443179427125074454e+01
5.441776284577610312e+01
5.438955415883174282e+01
5.434816349792235002e+01
5.429482334781373254e+01
5.423096939672658579e+01
5.415820331665089071e+01
5.407825352825637566e+01
5.399293504742542638e+01
5.390410935261446923e+01
5.381364503310344816e+01
5.372337979995324986e+01
5.363508428313420495e+01
5.355042791382275169e+01
5.347094710841805920e+01
5.339801593259387147e+01
5.333281942647638374e+01
5.327632980833165988e+01
5.322928583342397246e+01
5.319217565476865417e+01
5.316522360066041131e+01
5.314838133796591535e+01
5.314132391935955724e+01
5.314345120794855148e+01
5.315389512731319144e+01
5.317153309472044498e+01
5.319500785888732253e+01
5.322275378312639305e+01
5.325302939542238079e+01
5.328395577802793781e+01
5.331356010313869831e+01
5.333982335387693041e+01
5.336073101925212825e+01
5.337432533709071691e+01
5.337875749862541852e+01
5.337233813849437780e+01
5.335358442592544748e+01
5.332126215249439127e+01
5.327442137767354069e+01
5.321242443676033673e+01
5.313496542135166578e+01
5.304208058967617490e+01
5.293414952896017667e+01
5.281188724990699512e+01
5.267632772127089424e+01
5.252879963112370376e+01
5.237089537685421448e+01
5.220443443059096467e+01
5.203142229944703701e+01
5.185400630556295454e+01
5.167442935913251745e+01
5.149498280178436005e+01
5.131795927328057161e+01
5.114560641746582093e+01
5.098008210893132031e+01
5.082341176316970888e+01
5.067744820046949172e+01
5.054383447437098198e+01
5.042397005232139406e+01
5.031898074844558266e+01
5.022969285145947538e+01
5.015661195640727499e+01
5.009990708553532102e+01
5.005940075685932555e+01
5.003456571237235551e+01
5.002452903373952608e+01
5.002808433415436440e+01
5.004371260488878193e+01
5.006961210167396104e+01
5.010373737298093033e+01
5.014384716123791463e+01
5.018756046085952249e+01
5.023241951687432305e+01
5.027595802950349224e+01
5.031577233756455314e+01
5.034959293751120413e+01
5.037535340651451321e+01
5.039125368262115501e+01
5.039581474516745629e+01
5.038792204769175953e+01
5.036685557387705359e+01
5.033230508089863520e+01
5.028436990910974203e+01
5.022354360254691841e+01
5.015068442543319094e+01
5.006697360354329618e+01
4.997386370655182475e+01
4.987301997842720880e+01
4.976625760069278925e+01
4.965547784396170528e+01
4.954260585209294021e+01
4.942953245003931784e+01
4.931806191762625957e+01
4.920986717452264259e+01
4.910645331933022817e+01
4.900912999251735869e+01
4.891899261322749481e+01
4.883691218791496169e+01
4.876353310930581131e+01
4.869927815521708681e+01
4.864435975134342272e+01
4.859879647073330489e+01
4.856243369524783304e+01
4.853496735163751197e+01
4.851596964965486336e+01
4.850491578677498694e+01
4.850121064077597310e+01
4.850421454658541620e+01
4.851326734749456193e+01
4.852771002343125417e+01
4.854690333027919280e+01
4.857024303276161703e+01
4.859717147589961428e+01
4.862718541118853466e+01
4.865984016614297758e+01
4.869475041093652123e+01
4.873158792388393579e+01
4.877007687893167542e+01
4.880998726466391702e+01
4.885112708914179791e+01
4.889333402452503208e+01
4.893646709956048824e+01
4.898039895987255932e+01
4.902500909214933245e+01
4.907017825828713598e+01
4.911578422101139552e+01
4.916169867634823021e+01
4.920778515373055484e+01
4.925389751385083059e+01
4.929987857829588904e+01
4.934555837175954451e+01
4.939075145250544807e+01
4.943525285179195095e+01
4.947883223694055488e+01
4.952122605130015387e+01
4.956212756043869661e+01
4.960117493806613709e+01
4.963793774620617683e+01
4.967190238935435787e+01
4.970245733821525391e+01
4.972887911094500168e+01
4.975032015428259768e+01
4.976579986935061584e+01
4.977420006376426187e+01
4.977426607092297672e+01
4.976461464926742906e+01
4.974374955280256927e+01
4.971008534840927240e+01
4.966197965128088043e+01
4.959777347139750248e+01
4.951583883477051984e+01
4.941463229615916219e+01
4.929275243626124592e+01
4.914899898274030221e+01
4.898243085883049019e+01
4.879242028922061536e+01
4.857870011337188743e+01
4.834140168772838564e+01
4.808108119586220397e+01
4.779873280214221154e+01
4.749578783147109817e+01
4.717409997009187350e+01
4.683591728689239631e+01
4.648384259819798814e+01
4.612078427893162313e+01
4.574990001414995788e+01
4.537453616474936524e+01
4.499816539069647803e+01
4.462432495699856361e+01
4.425655778064719925e+01
4.389835780946967247e+01
4.355312080741849456e+01
4.322410110307173170e+01
4.291437437877813466e+01
4.262680616620185958e+01
4.236402538808679452e+01
4.212840205375346159e+01
4.192202807684775934e+01
4.174670013219113684e+01
4.160390349513061636e+01
4.149479590155218744e+01
4.142019062048564138e+01
4.138053813656969737e+01
4.137590609127277474e+01
4.140595742622061692e+01
4.146992700675798460e+01
4.156659737602920757e+01
4.169427469423059307e+01
4.185076634475316126e+01
4.203336212260632010e+01
4.223882133600473310e+01
4.246336851424327818e+01
4.270270067809567394e+01
4.295200923744133803e+01
4.320601947311051561e+01
4.345905017502885670e+01
4.370509529589256914e+01
4.393792841074423450e+01
4.415122935625760903e+01
4.433873071646777930e+01
4.449437993812106384e+01
4.461251096924860349e+01
4.468801763418736783e+01
4.471651972260055175e+01
4.469451219964838629e+01
4.461948820405619642e+01
4.449002766114279694e+01
4.430584534973106514e+01
4.406779495076640529e+01
4.377782869063096882e+01
4.343891532796138222e+01
4.305492206462599825e+01
4.263046818365552326e+01
4.217075961971988818e+01
4.168141416440023761e+01
4.116828663715126879e+01
4.063730225616887282e+01
4.009430483293824921e+01
3.954492452901119037e+01
3.899446798174457030e+01
3.844783181627233404e+01
3.790943904773757822e+01
3.738319671590356563e+01
3.687247230593897029e+01
3.638008607538701256e+01
3.590831628143514109e+01
3.545891442327586418e+01
3.503312791602066056e+01
3.463172803267678290e+01
3.425504143354442732e+01
3.390298410104046667e+01
3.357509697380089619e+01
3.327058299564061628e+01
3.298834563724031455e+01
3.272702919102941621e+01
3.248506126721268572e+01
3.226069792127068325e+01
3.205207171744251582e+01
3.185724278436806500e+01
3.167425256469964623e+01
3.150117952873130278e+01
3.133619565382912597e+01
3.117762201796045574e+01
3.102398147442039189e+01
3.087404612323597064e+01
3.072687722177128578e+01
3.058185531526051193e+01
3.043869872623373496e+01
3.029746910130554838e+01
3.015856342847610350e+01
3.002269273965568885e+01
2.989084852039003692e+01
2.976425857951939946e+01
2.964433471457003222e+01
2.953261489379493909e+01
2.943070283946543242e+01
2.934020784350224531e+01
2.926268740408735525e+01
2.919959488572382256e+01
2.915223392875704889e+01
2.912172082082699021e+01
2.910895553819428727e+01
2.911460170408699000e+01
2.913907531583893018e+01
2.918254177203164090e+01
2.924492048458061078e+01
2.932589618151902400e+01
2.942493588360866852e+01
2.954131046095911017e+01
2.967411963543114695e+01
2.982231928457111891e+01
2.998474992022438457e+01
3.016016525957466499e+01
3.034725987955690840e+01
3.054469504908788835e+01
3.075112196797436326e+01
3.096520180513640952e+01
3.118562211749485868e+01
3.141110943707127845e+01
3.164043802745251099e+01
3.187243501989988914e+01
3.210598233149291048e+01
3.234001593082668080e+01
3.257352314069734689e+01
3.280553874431697636e+01
3.303514068751327670e+01
3.326144614313105308e+01
3.348360862782080716e+01
3.370081674092358526e+01
3.391229493810491391e+01
3.411730656862830813e+01
3.431515920606157266e+01
3.450521210016314910e+01
3.468688538560547130e+01
3.485967051393409832e+01
3.502314124092147551e+01
3.517696441297385235e+01
3.532090976183887676e+01
3.545485794159900905e+01
3.557880612673987741e+01
3.569287063114021663e+01
3.579728619639517717e+01
3.589240182059742068e+01
3.597867323846872978e+01
3.605665240112358561e+01
3.612697451875746424e+01
3.619034340355275248e+01
3.624751596768229689e+01
3.629928678181958901e+01
3.634647357819491020e+01
3.638990449034475461e+01
3.643040766668688235e+01
3.646880368957509688e+01
3.650590099225436802e+01
3.654249421240640316e+01
3.657936517291516054e+01
3.661728595749158188e+01
3.665702336799183314e+01
3.669934392511580512e+01
3.674501851351070059e+01
3.679482577966744827e+01
3.684955346447143398e+01
3.690999698480317193e+01
3.697695475879249472e+01
3.705121998271078354e+01
3.713356879791265186e+01
3.722474501756636300e+01
3.732544180047850091e+01
3.743628085115338422e+01
3.755778988283549324e+01
3.769037919889882460e+01
3.783431832628644287e+01
3.798971367428449497e+01
3.815648819608406939e+01
3.833436400344100292e+01
3.852284883010675998e+01
3.872122716032703948e+01
3.892855673580569942e+01
3.914367102773859841e+01
3.936518810824449588e+01
3.959152617569332477e+01
3.982092577957017454e+01
4.005147855291535564e+01
4.028116199734892433e+01
4.050787958452119852e+01
4.072950515042667519e+01
4.094393028185039896e+01
4.114911314756947291e+01
4.134312703333593220e+01
4.152420672159545489e+01
4.169079083396158580e+01
4.184155834046612910e+01
4.197545763987996992e+01
4.209172692496426293e+01
4.218990494943009395e+01
4.226983178354459625e+01
4.233163964872252905e+01
4.237573441964292442e+01
4.240276883676153119e+01
4.241360884793919439e+01
4.240929476848214819e+01
4.239099909790957810e+01
4.235998285473224456e+01
4.231755219455278194e+01
4.226501687908625371e+01
4.220365188906838938e+01
4.213466315189132416e+01
4.205915801606526117e+01
4.197812077871194703e+01
4.189239328486459613e+01
4.180266038834349729e+01
4.170943990652042288e+01
4.161307662108751515e+01
4.151373987226481432e+01
4.141142435597265603e+01
4.130595384751391919e+01
4.119698772159163269e+01
4.108403029418492025e+01
4.096644315281029236e+01
4.084346074474259325e+01
4.071420953761457895e+01
4.057773103834593798e+01
4.043300884645864812e+01
4.027899972685597874e+01
4.011466842470675687e+01
3.993902563014305684e+01
3.975116816040188894e+01
3.955032009557753980e+01
3.933587331841012258e+01
3.910742570504861959e+01
3.886481512400452942e+01
3.860814744663767328e+01
3.833781696345922541e+01
3.805451792987953041e+01
3.775924641064320753e+01
3.745329211815652570e+01
3.713822050050641366e+01
3.681584588023385862e+01
3.648819692688753236e+01
3.615747612493957774e+01
3.582601514612797899e+01
3.549622813903381768e+01
3.517056491133363494e+01
3.485146581777063801e+01
3.454131990557473841e+01
3.424242754068761485e+01
3.395696837596037199e+01
3.368697515735595260e+01
3.343431352184429528e+01
3.320066764019028938e+01
3.298753131119160997e+01
3.279620392655499472e+01
3.262779059751355248e+01
3.248320566150140110e+01
3.236317876319306208e+01
3.226826272120241867e+01
3.219884244166826193e+01
3.215514421516996180e+01
3.213724482700636997e+01
3.214508001677813098e+01
3.217845193618069288e+01
3.223703536932568881e+01
3.232038259362285260e+01
3.242792686746519593e+01
3.255898463013819821e+01
3.271275658628258043e+01
3.288832791906315833e+01
3.308466793070920176e+01
3.330062944490289567e+01
3.353494832226486722e+01
3.378624343882482606e+01
3.405301746010516695e+01
3.433365871378927636e+01
3.462644442642714893e+01
3.492954554935856493e+01
3.524103336106664131e+01
3.555888800171830866e+01
3.588100907322827737e+01
3.620522842486655435e+01
3.652932523728846803e+01
3.685104351083611363e+01
3.716811204822452197e+01
3.747826698671303092e+01
3.777927686983747435e+01
3.806897014488545494e+01
3.834526482480528387e+01
3.860619986361925982e+01
3.884996757181711047e+01
3.907494615994779252e+01
3.927973126932426595e+01
3.946316515802644176e+01
3.962436208924281544e+01
3.976272844531016659e+01
3.987797618464444582e+01
3.997012847822949766e+01
4.003951670103635507e+01
4.008676839023070215e+01
4.011278628164922821e+01
4.011871905501300262e+01
4.010592490939599486e+01
4.007592950892489370e+01
4.003038014824829816e+01
3.997099816425787822e+01
3.989953165589985673e+01
3.981771047337426950e+01
3.972720521982685682e+01
3.962959170008766563e+01
3.952632188424514936e+01
3.941870206175321556e+01
3.930787847449962413e+01
3.919483035976357144e+01
3.908037002460610410e+01
3.896514932335645653e+01
3.884967172430443583e+01
3.873430902969996481e+01
3.861932174951208907e+01
3.850488211586925758e+01
3.839109875165902963e+01
3.827804206278469223e+01
3.816576949885813264e+01
3.805434991272673528e+01
3.794388633815647438e+01
3.783453659246931977e+01
3.772653119457537940e+01
3.762018816843528413e+01
3.751592437903491373e+01
3.741426312497885931e+01
3.731583779158065539e+01
3.722139145307843222e+01
3.713177240338411167e+01
3.704792569105317313e+01
3.697088083374516998e+01
3.690173598670445898e+01
3.684163893417064628e+01
3.679176535732513997e+01
3.675329490306155122e+01
3.672738563131223088e+01
3.671514745318616235e+01
3.671761518780183309e+01
3.673572186403752937e+01
3.677027287727806026e+01
3.682192158405447202e+01
3.689114688268583109e+01
3.697823328844170732e+01
3.708325396903140359e+01
3.720605716065963264e+01
3.734625633530131239e+01
3.750322443388235172e+01
3.767609241467099679e+01
3.786375228837722773e+01
3.806486471908229419e+01
3.827787116272438084e+01
3.850101039439260120e+01
3.873233914686611001e+01
3.896975645320959103e+01
3.921103116560978208e+01
3.945383202205205464e+01
3.969575956267924965e+01
3.993437916750409045e+01
4.016725450152985388e+01
4.039198071200366513e+01
4.060621681920712689e+01
4.080771686473323712e+01
4.099435951277683188e+01
4.116417592121828051e+01
4.131537579119856218e+01
4.144637155096464909e+01
4.155580062291510757e+01
4.164254566143329583e+01
4.170575254209288119e+01
4.174484574776683843e+01
4.175954065830273265e+01
4.174985213520749738e+01
4.171609872772047112e+01
4.165890183302153815e+01
4.157917923349000233e+01
4.147813260896936072e+01
4.135722887099072409e+01
4.121817546718258995e+01
4.106289012811331673e+01
4.089346584232132642e+01
4.071213211594874082e+01
4.052121377413499204e+01
4.032308867371115468e+01
4.012014571284259290e+01
3.991474444595207416e+01
3.970917745385442288e+01
3.950563639896032697e+01
3.930618243710456738e+01
3.911272138539037257e+01
3.892698378197827935e+01
3.875050973770898111e+01
3.858463828452038058e+01
3.843050078004988279e+01
3.828901783469268594e+01
3.816089918538811787e+01
3.804664594477923600e+01
3.794655469802983561e+01
3.786072299400747454e+01
3.778905587371553310e+01
3.773127318780248629e+01
3.768691756817898408e+01
3.765536302842102145e+01
3.763582426674312842e+01
3.762736682776674257e+01
3.762891833987203682e+01
3.763928107936197875e+01
3.765714611783247534e+01
3.768110928316514219e+01
3.770968910711720667e+01
3.774134684507198756e+01
3.777450853972623435e+01
3.780758896617862774e+01
3.783901714917617909e+01
3.786726299434769771e+01
3.789086443580706742e+01
3.790845438495062325e+01
3.791878668160646981e+01
3.792076020924555024e+01
3.791344034807519847e+01
3.789607700670340051e+01
3.786811859296461336e+01
3.782922145053426277e+01
3.777925448843954115e+01
3.771829895006589339e+01
3.764664348916016934e+01
3.756477492481236879e+01
3.747336521939035947e+01
3.737325535037280133e+01
3.726543682127894641e+01
3.715103157620261953e+01
3.703127104999392571e+01
3.690747500972758388e+01
3.678103073399876877e+01
3.665337294791979872e+01
3.652596479686696540e+01
3.640028001331175744e+01
3.627778631847638025e+01
3.615993001114436112e+01
3.604812163359398625e+01
3.594372257010696359e+01
3.584803242502758280e+01
3.576227704114568695e+01
3.568759705025998841e+01
3.562503689064493528e+01
3.557553427538347535e+01
3.553991014625906075e+01
3.551885919604376340e+01
3.551294108437727459e+01
3.552257250664611377e+01
3.554802029967306254e+01
3.558939578145852067e+01
3.564665052386964561e+01
3.571957374649424821e+01
3.580779149654951254e+01
3.591076774379254744e+01
3.602780747137049389e+01
3.615806178479287070e+01
3.630053499403067008e+01
3.645409355164354537e+01
3.661747665753395609e+01
3.678930827421710603e+01
3.696811024187956463e+01
3.715231614657762549e+01
3.734028558363080208e+01
3.753031847596844983e+01
3.772066915584961322e+01
3.790955999684303634e+01
3.809519448654492635e+01
3.827576975102158485e+01
3.844948866810489818e+01
3.861457182499099616e+01
3.876926967175892713e+01
3.891187528276599750e+01
3.904073815099332734e+01
3.915427939871997154e+01
3.925100868883095728e+01
3.932954296787685422e+01
3.938862697400310964e+01
3.942715521501090592e+01
3.944419488363618598e+01
3.943900895111462290e+01
3.941107848950269243e+01
3.936012313966502774e+01
3.928611858279884927e+01
3.918930989999122261e+01
3.907021981975000813e+01
3.892965105211832366e+01
3.876868217578465448e+01
3.858865686028541120e+01
3.839116654283633778e+01
3.817802701043581237e+01
3.795124963575899812e+01
3.771300825722865824e+01
3.746560286312846699e+01
3.721142132809593761e+01
3.695290045722370564e+01
3.669248752508366351e+01
3.643260336688590684e+01
3.617560790317555330e+01
3.592376877616122499e+01
3.567923356291934311e+01
3.544400582442954573e+01
3.521992506282437319e+01
3.500865050199623596e+01
3.481164848477455820e+01
3.463018319583007809e+01
3.446531037292238864e+01
3.431787365735205952e+01
3.418850325300975612e+01
3.407761660646788471e+01
3.398542088154801633e+01
3.391191707364167485e+01
3.385690568446678839e+01
3.381999394962998196e+01
3.380060467231532328e+01
3.379798676015857239e+01
3.381122758330312195e+01
3.383926726548826736e+01
3.388091498427651516e+01
3.393486729090480480e+01
3.399972836709969215e+01
3.407403202076849880e+01
3.415578882517674941e+01
3.423836307239187704e+01
3.430255350159675487e+01
3.431177827676729208e+01
3.421363225705139399e+01
3.394555387281893388e+01
3.344193366999755312e+01
3.264229923471836514e+01
3.150137346475419164e+01
3.000038596721817186e+01
2.815629433529005965e+01
2.602424423686974819e+01
2.369054211374015395e+01
2.125777946613444769e+01
1.882742067326735480e+01
1.648562005984198819e+01
1.429551280973869964e+01
1.229597761244099452e+01
1.050495433129396972e+01
8.925260354881663361e+00
7.551068320337559037e+00
6.373379295271505818e+00
5.383521843008246321e+00
4.574662340910737868e+00
3.941953986941787225e+00
3.482085929286399928e+00
3.192779685769005393e+00
3.072471656864528278e+00
3.120187529324903064e+00
3.335503496319013550e+00
3.718471059510950028e+00
4.269409083950498562e+00
4.988505045746842725e+00
5.875203298342941416e+00
6.927391426331983126e+00
8.140431252073240032e+00
9.506122584453391866e+00
1.101173393248584809e+01
1.263927627647058749e+01
1.436521739200207293e+01
1.616081550754638130e+01
1.799317752353108091e+01
1.982701972085674669e+01
2.162695248140176929e+01
2.335997066624686624e+01
2.499775855789441792e+01
2.651844461330642133e+01
2.790756221762197242e+01
2.915814754533980135e+01
3.027007684921013109e+01
3.124886441462088627e+01
3.210418740066093335e+01
3.284838200303791922e+01
3.349509187862115311e+01
3.405817302451901440e+01
3.455089078961896121e+01
3.498539528849011759e+01
3.537243297421429844e+01
3.572124087677013904e+01
3.603957045517600477e+01
3.633379489252485683e+01
3.660906305597967503e+01
3.686947279461143978e+01
3.711824450336326464e+01
3.735788250110158515e+01
3.759031678175863078e+01
3.781702134474323884e+01
3.803910790123716623e+01
3.825739557312731876e+01
3.847245848139886704e+01
3.868465402717234269e+01
3.889413531002142577e+01
3.910085156800486317e+01
3.930454079247218857e+01
3.950471877717664881e+01
3.970066880204699800e+01
3.989143591784260678e+01
4.007582937890611419e+01
4.025243616110082456e+01
4.041964770253426309e+01
4.057570103011402551e+01
4.071873431674386978e+01
4.084685570428961654e+01
4.095822300103207425e+01
4.105113071429821758e+01
4.112409991799290054e+01
4.117596579108264621e+01
4.120595739248434342e+01
4.121376442402833362e+01
4.119958639244045884e+01
4.116416067301315707e+01
4.110876740424868814e+01
4.103521076020899017e+01
4.094577778483531461e+01
4.084317745805072519e+01
4.073046384949959275e+01
4.061094800016829964e+01
4.048810350996068053e+01
4.036547071399410669e+01
4.024656386494163485e+01
4.013478500006804950e+01
4.003334727189233888e+01
3.994520957056165855e+01
3.987302335797270558e+01
3.981909183811642805e+01
3.978534094772555108e+01
3.977330118346005605e+01
3.978409898341964634e+01
3.981845623413289559e+01
3.987669645348145053e+01
3.995875627641053285e+01
4.006420101579124804e+01
4.019224326079773135e+01
4.034176368942314639e+01
4.051133349454953958e+01
4.069923804242495891e+01
4.090350158945984305e+01
4.112191307067707413e+01
4.135205313446657982e+01
4.159132272712216860e+01
4.183697362028255640e+01
4.208614131788214507e+01
4.233588076964355906e+01
4.258320524944993934e+01
4.282512862491650196e+01
4.305871104805541449e+01
4.328110783946089413e+01
4.348962102899695736e+01
4.368175267022600394e+01
4.385525868638342928e+01
4.400820166156911029e+01
4.413900069569383788e+01
4.424647623116203476e+01
4.432988766681285142e+01
4.438896162715737859e+01
4.442390896803489397e+01
4.443542897394832636e+01
4.442469972072981221e+01
4.439335420593386061e+01
4.434344254031871913e+01
4.427738118989357474e+01
4.419789090034971224e+01
4.410792547107904937e+01
4.401059393386544372e+01
4.390907890868283658e+01
4.380655395246112249e+01
4.370610260149542370e+01
4.361064156475792686e+01
4.352285019360667206e+01
4.344510797626952581e+01
4.337944142292518279e+01
4.332748135095061315e+01
4.329043127013242298e+01
4.326904731147617156e+01
4.326362993519631317e+01
4.327402747748465117e+01
4.329965142854003091e+01
4.333950315007529497e+01
4.339221151508080965e+01
4.345608066887420051e+01
4.352914676251307924e+01
4.360924210611451457e+01
4.369406475516263555e+01
4.378125111731529984e+01
4.386844880198437835e+01
4.395338668687207928e+01
4.403393909854509758e+01
4.410818113964133858e+01
4.417443256424785147e+01
4.423128819928901123e+01
4.427763369830306317e+01
4.431264633326725999e+01
4.433578149951615188e+01
4.434674653913999975e+01
4.434546429394257672e+01
4.433202940915759882e+01
4.430666077572175965e+01
4.426965360111482539e+01
4.422133444256562029e+01
4.416202215057852953e+01
4.409199710054468824e+01
4.401148039029919090e+01
4.392062390934032123e+01
4.381951139632636938e+01
4.370816984534884853e+01
4.358658994138807685e+01
4.345475363692862203e+01
4.331266655309509872e+01
4.316039262023716816e+01
4.299808827656006116e+01
4.282603362153262339e+01
4.264465816515574659e+01
4.245455920528375060e+01
4.225651137285510117e+01
4.205146646997657456e+01
4.184054334347977289e+01
4.162500814058535781e+01
4.140624584076965675e+01
4.118572441372753445e+01
4.096495329353904680e+01
4.074543807279904684e+01
4.052863340947612159e+01
4.031589611663506645e+01
4.010844029190562310e+01
3.990729616492051690e+01
3.971327412243683597e+01
3.952693513502446621e+01
3.934856857309674893e+01
3.917817817386880819e+01
3.901547670768600540e+01
3.885988968891735595e+01
3.871056827544223466e+01
3.856641129138559876e+01
3.842609607993658472e+01
3.828811763919531330e+01
3.815083521139764855e+01
3.801252518877782904e+01
3.787143887987517843e+01
3.772586336833312259e+01
3.757418341892082481e+01
3.741494217349756468e+01
3.724689826420550531e+01
3.706907697948300040e+01
3.688081326895226653e+01
3.668178467149254374e+01
3.647203268715600188e+01
3.625197166247258451e+01
3.602238488065778910e+01
3.578440819410933216e+01
3.553950215336673324e+01
3.528941412423966995e+01
3.503613230196322803e+01
3.478183380073256359e+01
3.452882910795845817e+01
3.427950515078384086e+01
3.403626904789013707e+01
3.380149434297238997e+01
3.357747117374211854e+01
3.336636145906260253e+01
3.317015982067492530e+01
3.299066062243909414e+01
3.282943122855888163e+01
3.268779136383967199e+01
3.256679830667582110e+01
3.246723755553232849e+01
3.238961857349462292e+01
3.233417522100744890e+01
3.230087052049697149e+01
3.228940544412836289e+01
3.229923146425475267e+01
3.232956664360094123e+01
3.237941505968973388e+01
3.244758934911547499e+01
3.253273611888680961e+01
3.263336390455263114e+01
3.274787326206657667e+01
3.287458846959250991e+01
3.301179019690857785e+01
3.315774838617075915e+01
3.331075449217408391e+01
3.346915216642226198e+01
3.363136544923325033e+01
3.379592356668118214e+01
3.396148151901046930e+01
3.412683579367095632e+01
3.429093473321503183e+01
3.445288332468104642e+01
3.461194243725068276e+01
3.476752280069149492e+01
3.491917426928936408e+01
3.506657113661224656e+01
3.520949444031010245e+01
3.534781231218487108e+01
3.548145948084695789e+01
3.561041702145076471e+01
3.573469337310993410e+01
3.585430751750055123e+01
3.596927504273089937e+01
3.607959761751315142e+01
3.618525618552299505e+01
3.628620797191628355e+01
3.638238718568735663e+01
3.647370911378556002e+01
3.656007714456836766e+01
3.664139213591571576e+01
3.671756346131485316e+01
3.678852102700129478e+01
3.685422755374079173e+01
3.691469045450777742e+01
3.696997270841968941e+01
3.702020222439143993e+01
3.706557929659352624e+01
3.710638186916848014e+01
3.714296844154076638e+01
3.717577855107418117e+01
3.720533086166489056e+01
3.723221896218151272e+01
3.725710503679367491e+01
3.728071161149404134e+01
3.730381161036965665e+01
3.732721697514288195e+01
3.735176611607356278e+01
3.737831047488610636e+01
3.740770049332653002e+01
3.744077129529210879e+01
3.747832840580072400e+01
3.752113384466579760e+01
3.756989294390310619e+01
3.762524224232221570e+01
3.768773880502602935e+01
3.775785129653790051e+01
3.783595310153831548e+01
3.792231773517942628e+01
3.801711671518707192e+01
3.812041998113380004e+01
3.823219884422073989e+01
3.835233133666115890e+01
3.848060970750387355e+01
3.861674968683609421e+01
3.876040101929442017e+01
3.891115865831489629e+01
3.906857392313109045e+01
3.923216486033972217e+01
3.940142503013726838e+01
3.957582996266570774e+01
3.975484060930043029e+01
3.993790325158819599e+01
4.012444552771420092e+01
4.031386848919589028e+01
4.050553490025891534e+01
4.069875432506728430e+01
4.089276589464432021e+01
4.108671998255800872e+01
4.127966031960429660e+01
4.147050831431394613e+01
4.165805148953241144e+01
4.184093796889186478e+01
4.201767882826259637e+01
4.218665985067107727e+01
4.234616378294050065e+01
4.249440359549637236e+01
4.262956651596823576e+01
4.274986778232815965e+01
4.285361219971026259e+01
4.293926075920759899e+01
4.300549886897410801e+01
4.305130224118662596e+01
4.307599624649339631e+01
4.307930464271829152e+01
4.306138402717552083e+01
4.302284113366353324e+01
4.296473113786807119e+01
4.288853635587560120e+01
4.279612600427028468e+01
4.268969891431920871e+01
4.257171214462866971e+01
4.244479922918688430e+01
4.231168227915633651e+01
4.217508231452566747e+01
4.203763205927158708e+01
4.190179504219428708e+01
4.176979427235833242e+01
4.164355307431923592e+01
4.152464993875689458e+01
4.141428851979586057e+01
4.131328322528763408e+01
4.122206021842957568e+01
4.114067308325783046e+01
4.106883190026218955e+01
4.100594402748181011e+01
4.095116448631144834e+01
4.090345351618891812e+01
4.086163860273362047e+01
4.082447812079549010e+01
4.079072369119550956e+01
4.075917844917700705e+01
4.072874867687804112e+01
4.069848666107507995e+01
4.066762318387019093e+01
4.063558870356954600e+01
4.060202298700990298e+01
4.056677365548942760e+01
4.052988474527781904e+01
4.049157690781845531e+01
4.045222124474377523e+01
4.041230896693629404e+01
4.037241908263658985e+01
4.033318617263477535e+01
4.029527003088563930e+01
4.025932857573344137e+01
4.022599501329529659e+01
4.019585980199310171e+01
4.016945756186454730e+01
4.014725872219020886e+01
4.012966542492955568e+01
4.011701100896554806e+01
4.010956229231037184e+01
4.010752384037180462e+01
4.011104344703750968e+01
4.012021814717770241e+01
4.013510020789772170e+01
4.015570269492238964e+01
4.018200436425900079e+01
4.021395377410304661e+01
4.025147263679854603e+01
4.029445852756827406e+01
4.034278713094331437e+01
4.039631423575066549e+01
4.045487768648352045e+01
4.051829946672228999e+01
4.058638803487236402e+01
4.065894096119727408e+01
4.073574783621297968e+01
4.081659334252508131e+01
4.090126031338709112e+01
4.098953254899139154e+01
4.108119713169273979e+01
4.117604597799876132e+01
4.127387638994257202e+01
4.137449042056034898e+01
4.147769294426765896e+01
4.158328841724771507e+01
4.169107641787667973e+01
4.180084616374831796e+01
4.191237030051517110e+01
4.202539833936253899e+01
4.213965017650178169e+01
4.225481015363109094e+01
4.237052210950510300e+01
4.248638582924790796e+01
4.260195522266647572e+01
4.271673846141322173e+01
4.283020018581231625e+01
4.294176576576476378e+01
4.305082747755230344e+01
4.315675235056279746e+01
4.325889135460452195e+01
4.335658954675737675e+01
4.344919678044096401e+01
4.353607859839527094e+01
4.361662698125402216e+01
4.369027069622669046e+01
4.375648507504018170e+01
4.381480113407399557e+01
4.386481401994240770e+01
4.390619080982201439e+01
4.393867771018400248e+01
4.396210667750529666e+01
4.397640143249851263e+01
4.398158276310626746e+01
4.397777292296699159e+01
4.396519884612492746e+01
4.394419383109200083e+01
4.391519731227616319e+01
4.387875234509782985e+01
4.383550048853306436e+01
4.378617387495448554e+01
4.373158440535569724e+01
4.367261018621568525e+01
4.361017951624079103e+01
4.354525291885476435e+01
4.347880388161161846e+01
4.341179909093241207e+01
4.334517902782818055e+01
4.327983981053874629e+01
4.321661713144404615e+01
4.315627304119642105e+01
4.309948618983803925e+01
4.304684595274611070e+01
4.299885066047342974e+01
4.295590992862583590e+01
4.291835085956640938e+01
4.288642767414173562e+01
4.286033414007404474e+01
4.284021800431258242e+01
4.282619651829584484e+01
4.281837207492776542e+01
4.281684695929811824e+01
4.282173625449615173e+01
4.283317803905057275e+01
4.285134016001727986e+01
4.287642305846146229e+01
4.290865835160186492e+01
4.294830312489472846e+01
4.299563014252443338e+01
4.305091442997504458e+01
4.311441690185735354e+01
4.318636588795745013e+01
4.326693753936759634e+01
4.335623616699122351e+01
4.345427557315739620e+01
4.356096238411293342e+01
4.367608228120071345e+01
4.379928986934554302e+01
4.393010272354533896e+01
4.406789992994027472e+01
4.421192520159070227e+01
4.436129441486253455e+01
4.451500719472783629e+01
4.467196198986696487e+01
4.483097393296336008e+01
4.499079468707455476e+01
4.515013344093427605e+01
4.530767823568841379e+01
4.546211687938153290e+01
4.561215682528582960e+01
4.575654354354620068e+01
4.589407708715843626e+01
4.602362672598481907e+01
4.614414367954131535e+01
4.625467210591342848e+01
4.635435858932319775e+01
4.644246040642823203e+01
4.651835284076172172e+01
4.658153576065797807e+01
4.663163958814354970e+01
4.666843067767850783e+01
4.669181600921842090e+01
4.670184699477006518e+01
4.669872211466229572e+01
4.668278804919525982e+01
4.665453895901809744e+01
4.661461359470872878e+01
4.656378997923749807e+01
4.650297749907301892e+01
4.643320635065236957e+01
4.635561440741398087e+01
4.627143168725942246e+01
4.618196270121083558e+01
4.608856704359938306e+01
4.599263863780342376e+01
4.589558407800127071e+01
4.579880050822907833e+01
4.570365345927162082e+01
4.561145502725664613e+01
4.552344273179501499e+01
4.544075934268396111e+01
4.536443391855122798e+01
4.529536426327891263e+01
4.523430098018148016e+01
4.518183329182219410e+01
4.513837679564398542e+01
4.510416334142205841e+01
4.507923324368302076e+01
4.506343007709387649e+01
4.505639834054029791e+01
4.505758431010008991e+01
4.506624042523606022e+01
4.508143355837091093e+01
4.510205749735624892e+01
4.512684991539475732e+01
4.515441400722423282e+01
4.518324482973580558e+01
4.521176019916879341e+01
4.523833576975362547e+01
4.526134365976385254e+01
4.527919371571914553e+01
4.529037623455121775e+01
4.529350472146853690e+01
4.528735707437560620e+01
4.527091347923107634e+01
4.524338929544088472e+01
4.520426131937749403e+01
4.515328604021265591e+01
4.509050883652567165e+01
4.501626348402698596e+01
4.493116182374492240e+01
4.483607393904539862e+01
4.473209966942633997e+01
4.462053271197810744e+01
4.450281889710047523e+01
4.438051045261525474e+01
4.425521818030696863e+01
4.412856346307226829e+01
4.400213191108802846e+01
4.387743026086901921e+01
4.375584788510185774e+01
4.363862397803585935e+01
4.352682117360480163e+01
4.342130605031766777e+01
4.332273669256201032e+01
4.323155722168864656e+01
4.314799898706957038e+01
4.307208791879226339e+01
4.300365738906787527e+01
4.294236580698918004e+01
4.288771807905480671e+01
4.283909000447463455e+01
4.279575463909694122e+01
4.275690965499674689e+01
4.272170474485767500e+01
4.268926817162103049e+01
4.265873164402830042e+01
4.262925280588319055e+01
4.260003475763902969e+01
4.257034217800273268e+01
4.253951377374751530e+01
4.250697094979830837e+01
4.247222275039207062e+01
4.243486726754871796e+01
4.239458983817276305e+01
4.235115845058819417e+01
4.230441685216950276e+01
4.225427589133376927e+01
4.220070364110674888e+01
4.214371484120584910e+01
4.208336016575611183e+01
4.201971577955734460e+01
4.195287359226676926e+01
4.188293256121140473e+01
4.180999133288766245e+01
4.173414245229344743e+01
4.165546830853219973e+01
4.157403892408296997e+01
4.148991163262930115e+01
4.140313262522392534e+01
4.131374027617299305e+01
4.122177008864225201e+01
4.112726102716698051e+01
4.103026293289980231e+01
4.093084465169466313e+01
4.082910245001827576e+01
4.072516825454291478e+01
4.061921723310886279e+01
4.051147424150930476e+01
4.040221869452950187e+01
4.029178748099630525e+01
4.018057562902057356e+01
4.006903453456633457e+01
3.995766768740529784e+01
3.984702395546690923e+01
3.973768861302568922e+01
3.963027241174766147e+01
3.952539908906337018e+01
3.942369178004717156e+01
3.932575884350154638e+01
3.923217962911694201e+01
3.914349070147419951e+01
3.906017300125775904e+01
3.898264036876550165e+01
3.891122978491220152e+01
3.884619360599346294e+01
3.878769398583660433e+01
3.873579959729466538e+01
3.869048468808684760e+01
3.865163043641988594e+01
3.861902851121657676e+01
3.859238669071457650e+01
3.857133635144376171e+01
3.855544160632445028e+01
3.854420984467780897e+01
3.853710340702445336e+01
3.853355211246128675e+01
3.853296634518296315e+01
3.853475039869444174e+01
3.853831577113805906e+01
3.854309410295294924e+01
3.854854944909155279e+01
3.855418958274580632e+01
3.855957603663983235e+01
3.856433260218118164e+01
3.856815202695724309e+01
3.857080067809593515e+01
3.857212097379272819e+01
3.857203142873486001e+01
3.857052421202309489e+01
3.856766017904546118e+01
3.856356141170958551e+01
3.855840138393759986e+01
3.855239295994609705e+01
3.854577452909990143e+01
3.853879467943736614e+01
3.853169590762082919e+01
3.852469795045430345e+01
3.851798139599750925e+01
3.851167228424916544e+01
3.850582843218874984e+01
3.850042821022490358e+01
3.849536245259711364e+01
3.849043010047416402e+01
3.848533805287419796e+01
3.847970553891362044e+01
3.847307312963933867e+01
3.846491628584828248e+01
3.845466309954959883e+01
3.844171564326942558e+01
3.842547410748986891e+01
3.840536269778922218e+01
3.816390877031140150e+01
3.710038105318881918e+01
3.490033152429169405e+01
3.172181652842671085e+01
2.801248939121178338e+01
2.423322175824571900e+01
2.070084983428222714e+01
1.757045004826569823e+01
1.488235388215928445e+01
1.261426542106534399e+01
1.071737302985940055e+01
9.136388920001987657e+00
7.818957381601443046e+00
6.719217408321027207e+00
5.798524973639326063e+00
5.024960557799118988e+00
4.372424475839816971e+00
3.819688995278133881e+00
3.349564792352744291e+00
2.948239518201042575e+00
2.604796041515983873e+00
2.310887599497827072e+00
2.060526492397952936e+00
1.849931860900015712e+00
1.677382904599574731e+00
1.543036948168031275e+00
1.448693349609061487e+00
1.397507579532358379e+00
1.393677742495287308e+00
1.442133784648707451e+00
1.548257085973960168e+00
1.717648000415314513e+00
1.955945699804007676e+00
2.268692495289913236e+00
2.661226151776612703e+00
3.138579337010383608e+00
3.705364830712393864e+00
4.365627581730842977e+00
5.122649373060021105e+00
5.978698330830950702e+00
6.934723728803350973e+00
7.990006546789710562e+00
9.141787875089585569e+00
1.038490976925597309e+01
1.171151492025036589e+01
1.311085991032420672e+01
1.456929857560555774e+01
1.607048386653019278e+01
1.759581665043668863e+01
1.912513883774501977e+01
2.063763026304379622e+01
2.211283144218077013e+01
2.353168677980365686e+01
2.487749289646452766e+01
2.613664819113000704e+01
2.729913045012922268e+01
2.835867185278746661e+01
2.931264492636847052e+01
3.016170930314176957e+01
3.090929135977069464e+01
3.156097535530385656e+01
3.212387788800653254e+01
3.260606203520944746e+01
3.301602854977997481e+01
3.336230316442009070e+01
3.365312404562235571e+01
3.389622283694774296e+01
3.409868646137761061e+01
3.426688416123393921e+01
3.440644413404105961e+01
3.452226559884142176e+01
3.461855440607116208e+01
3.469887281759505981e+01
3.476619647425155080e+01
3.482297364464116640e+01
3.487118353595641196e+01
3.491239174382084087e+01
3.494780186218567053e+01
3.497830292284702836e+01
3.500451274727964091e+01
3.502681752731077580e+01
3.504540805410982784e+01
3.506031302688013085e+01
3.507142982521774854e+01
3.507855304703579691e+01
3.508140101618087670e+01
3.507964036473728697e+01
3.507290870521344317e+01
3.506083533502435046e+01
3.504305986506125237e+01
3.501924863851123604e+01
3.498910880619393282e+01
3.495239994929571736e+01
3.490894318655812611e+01
3.485862776631900317e+01
3.480141521884589650e+01
3.473734122503704214e+01
3.466651543750248976e+01
3.458911956321564674e+01
3.450540407786098740e+01
3.441568398604613321e+01
3.432033406503246198e+01
3.421978402997639535e+01
3.411451403439231456e+01
3.400505087034953533e+01
3.389196515975558555e+01
3.377586973328782705e+01
3.365741928094500679e+01
3.353731123321819751e+01
3.341628770150159511e+01
3.329513817890178018e+01
3.317470258729151311e+01
3.305587416274165236e+01
3.293960160813358584e+01
3.282688991590837446e+01
3.271879927999419380e+01
3.261644157496267837e+01
3.252097397947967750e+01
3.243358945330730592e+01
3.235550393224966825e+01
3.228794027086085805e+01
3.223210912471614620e+01
3.218918710929399651e+01
3.216029268967130150e+01
3.214646033614036469e+01
3.214861352143241646e+01
3.216753713588884267e+01
3.220384986249131032e+01
3.225797699293224241e+01
3.233012409083124794e+01
3.242025183291333690e+01
3.252805229866897463e+01
3.265292694881524227e+01
3.279396654650865628e+01
3.294993334372239246e+01
3.311924598521684970e+01
3.329996777484620907e+01
3.348979919647980807e+01
3.368607586790611919e+01
3.388577340299902829e+01
3.408552092571541436e+01
3.428162516866628806e+01
3.447010714019868516e+01
3.464675319513714413e+01
3.480718193855321374e+01
3.494692768801009208e+01
3.506154020505241675e+01
3.514669910977448808e+01
3.519833989234803795e+01
3.521278686561821303e+01
3.518688694386089821e+01
3.511813699403613498e+01
3.500479689584851428e+01
3.484598053537352058e+01
3.464171783658094483e+01
3.439298259160715077e+01
3.410168315097521230e+01
3.377061573834158281e+01
3.340338294709863476e+01
3.300428252371858662e+01
3.257817354724676306e+01
3.213032836462456743e+01
3.166627904386922410e+01
3.119166669150933302e+01
3.071210088280507833e+01
3.023303487962896696e+01
2.975966049629064614e+01
2.929682464154175392e+01
2.884896789782253279e+01
2.842008412129958828e+01
2.801369902239817122e+01
2.763286502655551402e+01
2.728016938828890048e+01
2.695775248226738086e+01
2.666733335527932169e+01
2.641023992484904426e+01
2.618744159305300556e+01
2.599958245843534499e+01
2.584701371809456560e+01
2.572982423130816798e+01
2.564786855104084751e+01
2.560079201391577897e+01
2.558805271201968878e+01
2.560894035425961945e+01
2.566259216594408699e+01
2.574800607869363134e+01
2.586405153454099448e+01
2.600947827347897245e+01
2.618292349730166180e+01
2.638291780810822118e+01
2.660789031034597230e+01
2.685617324331136757e+01
2.712600647889328087e+01
2.741554217929732573e+01
2.772284986396423534e+01
2.804592208658988284e+01
2.838268087504742354e+01
2.873098504222563676e+01
2.908863843736069654e+01
2.945339917794827755e+01
2.982298988354920510e+01
3.019510892531922863e+01
3.056744270797518226e+01
3.093767901158549094e+01
3.130352143488083527e+01
3.166270499424863871e+01
3.201301293692725380e+01
3.235229481676525154e+01
3.267848585056444222e+01
3.298962751832149110e+01
3.328388928975839889e+01
3.355959125342723581e+01
3.381522729768870050e+01
3.404948835261169648e+01
3.426128505894718046e+01
3.444976909776928409e+01
3.461435230645801653e+01
3.475472263775050408e+01
3.487085600143620923e+01
3.496302307265781195e+01
3.503179026188470857e+01
3.507801421894754412e+01
3.510282948026294747e+01
3.510762915157344821e+01
3.509403882992732093e+01
3.506388428635288790e+01
3.501915373143918941e+01
3.496195574760793789e+01
3.489447417552613473e+01
3.481892137461682069e+01
3.473749133241999942e+01
3.465231407510904660e+01
3.456541273867143360e+01
3.447866450907750391e+01
3.439376644534385008e+01
3.431220697805498787e+01
3.423524364319649038e+01
3.416388738036652484e+01
3.409889350566428590e+01
3.404075926936342711e+01
3.398972773013462501e+01
3.394579752175555853e+01
3.390873795397217805e+01
3.387810877490958461e+01
3.385328382702611805e+01
3.383347775203213814e+01
3.381777484394356037e+01
3.380515911648198824e+01
3.379454464540996383e+01
3.378480527243552700e+01
3.377480281865108935e+01
3.376341305390402425e+01
3.374954880306525240e+01
3.373217973643241407e+01
3.371034858132253476e+01
3.368318369370560816e+01
3.364990812835465306e+01
3.360984552803792269e+01
3.356242330175070521e+01
3.350717366600710534e+01
3.344373317268767920e+01
3.337184133778135475e+01
3.329133891924048072e+01
3.320216627657691078e+01
3.310436209249079553e+01
3.299806256447530473e+01
3.288350100099736295e+01
3.276100760177065752e+01
3.263100908215103857e+01
3.249402773121541799e+01
3.235067947951846890e+01
3.220167059720002811e+01
3.204779274059912808e+01
3.188991620418044803e+01
3.172898139793808170e+01
3.156598873921432258e+01
3.140198730229099766e+01
3.123806269131105751e+01
3.107532467821169320e+01
3.091489516906497315e+01
3.075789702750874000e+01
3.060544419706248931e+01
3.045863343481351038e+01
3.031853781111583501e+01
3.018620195985808508e+01
3.006263889835877734e+01
2.994882809065111573e+01
2.984571431571803402e+01
2.975420683222793272e+01
2.967517830816982638e+01
2.960946300762239147e+01
2.955785379363194920e+01
2.952109760826828122e+01
2.949988921837384837e+01
2.949486315705337347e+01
2.950658393523119116e+01
2.953553473429459331e+01
2.958210491142904530e+01
2.964657674755058281e+01
2.972911194004270641e+01
2.982973838741314765e+01
2.994833783098049551e+01
3.008463491158182279e+01
3.023818816956597999e+01
3.040838346670041759e+01
3.059443024159649482e+01
3.079536092805319569e+01
3.101003377028229124e+01
3.123713916225434772e+01
3.147520952269557881e+01
3.172263259561257343e+01
3.197766794270659574e+01
3.223846627391632325e+01
3.250309115191041798e+01
3.276954251261923901e+01
3.303578137385567715e+01
3.329975506391770779e+01
3.355942229626707274e+01
3.381277744686114772e+01
3.405787345626252005e+01
3.429284287466691694e+01
3.451591668673763991e+01
3.472544068441715837e+01
3.491988928815116822e+01
3.509787683864873742e+01
3.525816648227735328e+01
3.539967684601548825e+01
3.552148673874619789e+01
3.562283812483213552e+01
3.570313759754801453e+01
3.576195654148240521e+01
3.579903012395156026e+01
3.581425520592323863e+01
3.580768722216406985e+01
3.577953605528619363e+01
3.573016092281211087e+01
3.566006431030969992e+01
3.556988501346721421e+01
3.546039039115924396e+01
3.533246797180085252e+01
3.518711658795577790e+01
3.502543723173297963e+01
3.484862382083717591e+01
3.465795404037263694e+01
3.445478038038479696e+01
3.424052142880739780e+01
3.401665341173897161e+01
3.378470190706050857e+01
3.354623360268504939e+01
3.330284793529690290e+01
3.305616843494675550e+01
3.280783361773675466e+01
3.255948731190980538e+01
3.231276836742417657e+01
3.206929977828623635e+01
3.183067733152345014e+01
3.159845797713754934e+01
3.137414818073940737e+01
3.115919256755929823e+01
3.095496318829312443e+01
3.076274973175239680e+01
3.058375097733760128e+01
3.041906772529092606e+01
3.026969736982032444e+01
3.013653019611385986e+01
3.002034739410662922e+01
2.992182069659466848e+01
2.984151347315051694e+01
2.977988304936856423e+01
2.973728397691058589e+01
2.971397195574007455e+01
2.971010810638150090e+01
2.972576330612312745e+01
2.976092233662551934e+01
2.981548763818259218e+01
2.988928252391775686e+01
2.998205377101317026e+01
3.009347357103718323e+01
3.022314088307186353e+01
3.037058228761345902e+01
3.053525248278726778e+01
3.071653459486291027e+01
3.091374049099747978e+01
3.112611128331588617e+01
3.135281820069987191e+01
3.159296397985919569e+01
3.184558489311823593e+01
3.210965349024075977e+01
3.238408208931106458e+01
3.266772701110338772e+01
3.295939351626665825e+01
3.325784137836888732e+01
3.356131500517760458e+01
3.386333148361956091e+01
3.414426760583328502e+01
3.436552822389766249e+01
3.447009055460737414e+01
3.438783761206904188e+01
3.404338257293529324e+01
3.336601778163057475e+01
3.230225318893175768e+01
3.082963715092945733e+01
2.896755173065792377e+01
2.677957470042297317e+01
2.436534498590670950e+01
2.184512761174702433e+01
1.934208200858829230e+01
1.696637115077036029e+01
1.480418605996273484e+01
1.291331359053013905e+01
1.132478575904757712e+01
1.004844739926894093e+01
9.079853463719937068e+00
8.406566170798498661e+00
8.012917412073448986e+00
7.883077894293649024e+00
8.002677070244143209e+00
8.359333321378596082e+00
8.942421179590873237e+00
9.742324919824143947e+00
1.074936027743525990e+01
1.195250885756280468e+01
1.333810454643981203e+01
1.488862906227212690e+01
1.658179891060473565e+01
1.839013770277238891e+01
2.028120429967813010e+01
2.221857323759853386e+01
2.416353997056887337e+01
2.607737260297384907e+01
2.792379653943986284e+01
2.967132620242582774e+01
3.129507926391082151e+01
3.277782109536648392e+01
3.411015400094934336e+01
3.528993372273713192e+01
3.632111768738204916e+01
3.721230228437904941e+01
3.797519387935274437e+01
3.862320210755991923e+01
3.917027103871780724e+01
3.962999557394790884e+01
4.001501891982530168e+01
4.033667535159697337e+01
4.060482818576680586e+01
4.082785096148641202e+01
4.101270519965161299e+01
4.116507674051992893e+01
4.128954188351192300e+01
4.138974288479710140e+01
4.146855918316632739e+01
4.152826592318959342e+01
4.157067510044910819e+01
4.159725724595593022e+01
4.160924328394239780e+01
4.160770728934016205e+01
4.159363153434364335e+01
4.156795558962366499e+01
4.153161143167357494e+01
4.148554656573168842e+01
4.143073714241015182e+01
4.136819294973373218e+01
4.129895601725490195e+01
4.122409438867902765e+01
4.114469241685634415e+01
4.106183872324957207e+01
4.097661275627758215e+01
4.089007069155172047e+01
4.080323125212104429e+01
4.071706189536045883e+01
4.063246571806042340e+01
4.055026937140197418e+01
4.047121224771431969e+01
4.039593719293315388e+01
4.032498300215524978e+01
4.025877895947512286e+01
4.019764167679655031e+01
4.014177446070615929e+01
4.009126938573484722e+01
4.004611217386599265e+01
4.000618987527526116e+01
3.997130121913279055e+01
3.994116936439782961e+01
3.991545664005948169e+01
3.989378073491548804e+01
3.987573169159423259e+01
3.986088898963689786e+01
3.984883797676626926e+01
3.983918493056029320e+01
3.983157010418871380e+01
3.982567822388466539e+01
3.982124605166310261e+01
3.981806678984570169e+01
3.981599126745379635e+01
3.981492599579366498e+01
3.981482829727719519e+01
3.981569878792907247e+01
3.981757152650779830e+01
3.982050213504323466e+01
3.982455415697842938e+01
3.982978386573616092e+01
3.983622368772308420e+01
3.984386437976051809e+01
3.985263611985335785e+01
3.986238874527742837e+01
3.987287150897240195e+01
3.988371292083245834e+01
3.989440148146280052e+01
3.990426837947732253e+01
3.991247347833669323e+01
3.991799612794661556e+01
3.991963245978202224e+01
3.991600082318849729e+01
3.990555686120070789e+01
3.988661938349154212e+01
3.985740766403556989e+01
3.981609008381379056e+01
3.976084318994710998e+01
3.968991931235427728e+01
3.960171995054395211e+01
3.949487131630338865e+01
3.936829779870802781e+01
3.922128880355465697e+01
3.905355448290139719e+01
3.886526634500323496e+01
3.865707960338983895e+01
3.843013531582170828e+01
3.818604176248926052e+01
3.792683597023157205e+01
3.765492764891398991e+01
3.737302892561405088e+01
3.708407403618273435e+01
3.679113350624238876e+01
3.649732732310613414e+01
3.620574121368443343e+01
3.591934948452145449e+01
3.564094705135632779e+01
3.537309239205363554e+01
3.511806229158321457e+01
3.487781848288213382e+01
3.465398566934154445e+01
3.444783996465928055e+01
3.426030650380277365e+01
3.409196484880351363e+01
3.394306080900081213e+01
3.381352338642665245e+01
3.370298571208035554e+01
3.361080902911601953e+01
3.353610897979144312e+01
3.347778364450095268e+01
3.343454294817897221e+01
3.340493918100803228e+01
3.338739846969746594e+01
3.338025307894856297e+01
3.338177441941932244e+01
3.339020659073580788e+01
3.340380020094066538e+01
3.342084608526903367e+01
3.343970840835240210e+01
3.345885648875520246e+01
3.347689454932101683e+01
3.349258848861742877e+01
3.350488870513011364e+01
3.351294800206603952e+01
3.351613366796200921e+01
3.351403297214825017e+01
3.350645153261985598e+01
3.349340429734721880e+01
3.347509921153942969e+01
3.345191400015971794e+01
3.342436685112419070e+01
3.339308211386829583e+01
3.335875240684536891e+01
3.332209873774729658e+01
3.328383037031287017e+01
3.324460621718158393e+01
3.320499950145060097e+01
3.316546731724746877e+01
3.312632654119029496e+01
3.308773731199509172e+01
3.304969501343325788e+01
3.301203137307283697e+01
3.297442493070974479e+01
3.293642074051270185e+01
3.289745875549564147e+01
3.285690991155124863e+01
3.281411849625197164e+01
3.276844897721888827e+01
3.271933510504714349e+01
3.266632883022422362e+01
3.260914641676111358e+01
3.254770912769126312e+01
3.248217601949866662e+01
3.241296671906420102e+01
3.234077255444920951e+01
3.226655503716433770e+01
3.219153139939609787e+01
3.211714761515830929e+01
3.204504001693499760e+01
3.197698720247099047e+01
3.191485436704925149e+01
3.186053247103531660e+01
3.181587475790869135e+01
3.178263309124975677e+01
3.176239641208906406e+01
3.175653337117005748e+01
3.176614090608469709e+01
3.179200024796664081e+01
3.183454158343251805e+01
3.189381837853346369e+01
3.196949219227140659e+01
3.206082865436210483e+01
3.216670513178502944e+01
3.228563043164348301e+01
3.241577665357849725e+01
3.255502298805023287e+01
3.270101084261354885e+01
3.285120916816641312e+01
3.300298827178006889e+01
3.315369978341561108e+01
3.330075985023884044e+01
3.344173213649257548e+01
3.357440688425079145e+01
3.369687220756169665e+01
3.380757399538120467e+01
3.390536130206096033e+01
3.398951488560295076e+01
3.405975755395184734e+01
3.411624610838823912e+01
3.415954582263410089e+01
3.419058945616846756e+01
3.421062367345960809e+01
3.422114635665454330e+01
3.422383862103021102e+01
3.422049536890950350e+01
3.421295797851234965e+01
3.420305227154118910e+01
3.419253430135817950e+01
3.418304581835385392e+01
3.417608056015135531e+01
3.417296182977490560e+01
3.417483119953407567e+01
3.418264763406006068e+01
3.419719587428961916e+01
3.421910256974495468e+01
3.424885838972971897e+01
3.428684418391027577e+01
3.433335919759119292e+01
3.438864937489090323e+01
3.445293390091780594e+01
3.452642833650101295e+01
3.460936297700385467e+01
3.470199540682925488e+01
3.480461660562855997e+01
3.491755036966227976e+01
3.504114621906488480e+01
3.517576634597065066e+01
3.532176749892520462e+01
3.547947897918103877e+01
3.564917813293985205e+01
3.583106485430042198e+01
3.602523666528876589e+01
3.623166591414459958e+01
3.645018053539673275e+01
3.668044965038702543e+01
3.692197506000644580e+01
3.717408939757172703e+01
3.743596137459890372e+01
3.770660817311043189e+01
3.798491462584469502e+01
3.826965839605387742e+01
3.855953994310527833e+01
3.885321566628975631e+01
3.914933228896799733e+01
3.944656031195756185e+01
3.974362426009058424e+01
4.003932749352813403e+01
4.033256956894167189e+01
4.062235451393241448e+01
4.090778890419256442e+01
4.118806927521409733e+01
4.146245911542170859e+01
4.173025642517470146e+01
4.199075353460150950e+01
4.224319150513525756e+01
4.248671195526233646e+01
4.272030952062220166e+01
4.294278836224119544e+01
4.315272616242777559e+01
4.334844888928341788e+01
4.352801926472654515e+01
4.368924133653033692e+01
4.382968283470388826e+01
4.394671609593225980e+01
4.403757728795778092e+01
4.409944249759983137e+01
4.412951802275482294e+01
4.412514101528955024e+01
4.408388556399999914e+01
4.400366850200364155e+01
4.388284878494023644e+01
4.372031430694065079e+01
4.351555055091854030e+01
4.326868650205862821e+01
4.298051471812532043e+01
4.265248421685270586e+01
4.228666673377084351e+01
4.188569872771273594e+01
4.145270307927413000e+01
4.099119558975747424e+01
4.050498205205899893e+01
3.999805180492543144e+01
3.947447333684853277e+01
3.893829676604536161e+01
3.839346701118742544e+01
3.784375031734028738e+01
3.729267563817444398e+01
3.674349130172399924e+01
3.619913647548680302e+01
3.566222623837040118e+01
3.513504857409687077e+01
3.461957131273832289e+01
3.411745693819857195e+01
3.363008321538401901e+01
3.315856773461806029e+01
3.270379468732168959e+01
3.226644244521740745e+01
3.184701079004680935e+01
3.144584691263036191e+01
3.106316955507677591e+01
3.069909089873962671e+01
3.035363599749592822e+01
3.002675971828320556e+01
2.971836127785000414e+01
2.942829655711767600e+01
2.915638843427903026e+01
2.890243540746579853e+01
2.866621878087343589e+01
2.844750866860008642e+01
2.824606903261262403e+01
2.806166192010342897e+01
2.789405100626049361e+01
2.774300448647851169e+01
2.760829730253426106e+01
2.748971263511504404e+01
2.738704255457215098e+01
2.730008769622991238e+01
2.722865581828550319e+01
2.717255911034950344e+01
2.713161014884375533e+01
2.710561644049645480e+01
2.709437355480162424e+01
2.709765691757094075e+01
2.711521241716692643e+01
2.714674605900879811e+01
2.719191298876245710e+01
2.725030628654593912e+01
2.732144600975551541e+01
2.740476902685250948e+01
2.749962023444659565e+01
2.760524578062367951e+01
2.772078892356441671e+01
2.784528913060877642e+01
2.797768496358985502e+01
2.811682119671026214e+01
2.826146047025644137e+01
2.841029959647744008e+01
2.856199040619454976e+01
2.871516476406903351e+01
2.886846310011716810e+01
2.902056552337735340e+01
2.917022432321622460e+01
2.931629644965096304e+01
2.945777442110552613e+01
2.959381405766547601e+01
2.972375749497312469e+01
2.984715010381731304e+01
2.996375021748799483e+01
3.007353093596773874e+01
3.017667370595187037e+01
3.027355383447955006e+01
3.036471854465950315e+01
3.045085858919363986e+01
3.053277477144300178e+01
3.061134096374023272e+01
3.068746534803424453e+01
3.076205163466076797e+01
3.083596194991133288e+01
3.090998293743416525e+01
3.098479641115874017e+01
3.106095564784286722e+01
3.113886813323640013e+01
3.121878529173668326e+01
3.130079944591292929e+01
3.138484797638496104e+01
3.147072438845214393e+01
3.155809574222485381e+01
3.164652567023955143e+01
3.173550199401996963e+01
3.182446776390510124e+01
3.191285439184174777e+01
3.200011543359109822e+01
3.208575951462782427e+01
3.216938089218033525e+01
3.225068621163604377e+01
3.232951615264686751e+01
3.240586086761638995e+01
3.247986838612941085e+01
3.255184548091039431e+01
3.262225084666737018e+01
3.269168081167583750e+01
3.276084816046495973e+01
3.283055497224323460e+01
3.290166065408345020e+01
3.297504655501915494e+01
3.305157867715364262e+01
3.313207004853638438e+01
3.321724429134352619e+01
3.330770181395411100e+01
3.340388988659034908e+01
3.350607763950549156e+01
3.361433676397457759e+01
3.372852841415772218e+01
3.384829651740709977e+01
3.397306741737452285e+01
3.410205551432091653e+01
3.423427434634154309e+01
3.436855238906830579e+01
3.450355275295405022e+01
3.463779593565381987e+01
3.476968484530485171e+01
3.489753144346870073e+01
3.501958454932164955e+01
3.513405857470769433e+01
3.523916318977084217e+01
3.533313411257708481e+01
3.541426533434088952e+01
3.548094310079440561e+01
3.553168184759728376e+01
3.556516202822976425e+01
3.558026939208407669e+01
3.557613480577059306e+01
3.555217321859375801e+01
3.550811992352520718e+01
3.544406193151257156e+01
3.536046212593524274e+01
3.525817394287713569e+01
3.513844465061205113e+01
3.500290586330634568e+01
3.485355067053750844e+01
3.469269761904209304e+01
3.452294265273326346e+01
3.434710090574311891e+01
3.416814086765106850e+01
3.398911384114060041e+01
3.381308176269440224e+01
3.364304636221824296e+01
3.348188233211338627e+01
3.333227671522627844e+01
3.319667616933497811e+01
3.307724318829536259e+01
3.297582181306059823e+01
3.289391289186817602e+01
3.283265857391651821e+01
3.279283545472994632e+01
3.277485563034105098e+01
3.277877484734871416e+01
3.280430693631475236e+01
3.285084376335734646e+01
3.291748000568124866e+01
3.300304212985409436e+01
3.310612100937457569e+01
3.322510764774385450e+01
3.335823146748860779e+01
3.350360058265485463e+01
3.365924339603409976e+01
3.382315076183320457e+01
3.399331784313319815e+01
3.416778468803670421e+01
3.434467446723731143e+01
3.452222827684160222e+01
3.469883542901976625e+01
3.487305824007964361e+01
3.504365048491683154e+01
3.520956891488425100e+01
3.536997752150689678e+01
3.552424455273606441e+01
3.567193262810562260e+01
3.581278262824692149e+01
3.594669232725125596e+01
3.607369097118468915e+01
3.619391116617323689e+01
3.630755951554775152e+01
3.641488743586211285e+01
3.651616349163412423e+01
3.661164842977306932e+01
3.670157388238441598e+01
3.678612545875918016e+01
3.686543068205245532e+01
3.693955196050657008e+01
3.700848453191139953e+01
3.707215909519899810e+01
3.713044865326057220e+01
3.718317894157995340e+01
3.723014171035760711e+01
3.727111006299460172e+01
3.730585502842101420e+01
3.733416255439566100e+01
3.735585014807679727e+01
3.737078245288209644e+01
3.737888513102632970e+01
3.738015651385705951e+01
3.737467658288237260e+01
3.736261295004184291e+01
3.734422361427301951e+01
3.731985638162829844e+01
3.728994494744057420e+01
3.725500175067307396e+01
3.721560782150515223e+01
3.717239995147397735e+01
3.712605561819996325e+01
3.707727619003128439e+01
3.702676901535968312e+01
3.697522906218105732e+01
3.692332081130086152e+01
3.687166111782867972e+01
3.682080373791029615e+01
3.677122617013105099e+01
3.672331938440038357e+01
3.667738090760646230e+01
3.663361160847624376e+01
3.659211637855538157e+01
3.655290874758220099e+01
3.651591930598625169e+01
3.648100764151510589e+01
3.644797733815427421e+01
3.641659344081270433e+01
3.638660166591208878e+01
3.635774854288798252e+01
3.632980161072816827e+01
3.630256877177211550e+01
3.627591592494979977e+01
3.624978206298231953e+01
3.622419112066008040e+01
3.619925999925038695e+01
3.617520235790502170e+01
3.615232794714832920e+01
3.613103745140373491e+01
3.611181299607274298e+01
3.609520464968608877e+01
3.608181340454574126e+01
3.607227124388649742e+01
3.606721899647001806e+01
3.606728274000877121e+01
3.607304954468223457e+01
3.608504335088687043e+01
3.610370175600323961e+01
3.612935444841511412e+01
3.616220397787778040e+01
3.620230949316756153e+01
3.624957401286253145e+01
3.630373572362133672e+01
3.636436372143040074e+01
3.643085852274035119e+01
3.650245757122594625e+01
3.657824584898665421e+01
3.665717156587027858e+01
3.673806674613912548e+01
3.681967235889160150e+01
3.690066745118657110e+01
3.697970154747621763e+01
3.705542938568811451e+01
3.712654688192308328e+01
3.719182706714633468e+01
3.725015463619279643e+01
3.730055770684651861e+01
3.734223541700345095e+01
3.737458009875245324e+01
3.739719296121707970e+01
3.740989248356131469e+01
3.741271505256602126e+01
3.740590775572337634e+01
3.738991363580719707e+01
3.736535009852096323e+01
3.733298151333736570e+01
3.729368733419318716e+01
3.724842727187431279e+01
3.719820516144188360e+01
3.714403318156081468e+01
3.708689800145716475e+01
3.702773026547375679e+01
3.696737858985319747e+01
3.690658895960778096e+01
3.684599009456400154e+01
3.678608502204379960e+01
3.672724876693531115e+01
3.666973176385958766e+01
3.661366832422331896e+01
3.655908926435291306e+01
3.650593762864070158e+01
3.645408633057628833e+01
3.640335648936195412e+01
3.635353526276156799e+01
3.630439206737617042e+01
3.625569223201147651e+01
3.620720734112498462e+01
3.615872178295932571e+01
3.611003530706494047e+01
3.606096170193540473e+01
3.601132400696437941e+01
3.596094695457560420e+01
3.590964757919700645e+01
3.585722511230228804e+01
3.580345139224165507e+01
3.574806304291151093e+01
3.569075660986965914e+01
3.563118768492474686e+01
3.556897480496572683e+01
3.550370858853555234e+01
3.543496619151176219e+01
3.536233074461193127e+01
3.528541500919507001e+01
3.520388808694842453e+01
3.511750367823727714e+01
3.502612813645834677e+01
3.492976643984992080e+01
3.482858421707103247e+01
3.472292412535507822e+01
3.461331518262125684e+01
3.450047407529688570e+01
3.438529796651059911e+01
3.426884887038666960e+01
3.415233018924080000e+01
3.403705648558065633e+01
3.392441794178483860e+01
3.381584122106294643e+01
3.371274857199541941e+01
3.361651701813370607e+01
3.352843935861269387e+01
3.344968849906067732e+01
3.338128636244309178e+01
3.332407832546712001e+01
3.327871381351656765e+01
3.324563338632344767e+01
3.322506237206611246e+01
3.321701086759318144e+01
3.322127972019114139e+01
3.323747194129891369e+01
3.326500887239649273e+01
3.330315032500320882e+01
3.335101784793049262e+01
3.340762023441313744e+01
3.347188036946541700e+01
3.354266253453663893e+01
3.361879933306578749e+01
3.369911747676808744e+01
3.378246177659553240e+01
3.386771681010113610e+01
3.395382588162616599e+01
3.403980704421694981e+01
3.412476610178548242e+01
3.420790664562383654e+01
3.428853729074049994e+01
3.436607635663531113e+01
3.444005427948597031e+01
3.451011404780850000e+01
3.457600992527530082e+01
3.463760467019260147e+01
3.469486539172662276e+01
3.474785811046049844e+01
3.479674102740398922e+01
3.484175646177557439e+01
3.488322140151417727e+01
3.492151662560750935e+01
3.495707440389897158e+01
3.499036485406014663e+01
3.502188112960492106e+01
3.505212371757929191e+01
3.508158422916822872e+01
3.511072916023416468e+01
3.513998417208017599e+01
3.516971948758795463e+01
3.520023700850011039e+01
3.523175973238157610e+01
3.526442398118550869e+01
3.529827484776910751e+01
3.533326512437545119e+01
3.536925780211158354e+01
3.540603202901272795e+01
3.544329219507522311e+01
3.548067958720981352e+01
3.551778584000388150e+01
3.555416721688862935e+01
3.558935861020428604e+01
3.562288606767704380e+01
3.565427665530587120e+01
3.568306456680346628e+01
3.570879259499005798e+01
3.573100838936305479e+01
3.574925532451403853e+01
3.576305827353171907e+01
3.577190508679021974e+01
3.577522507999017165e+01
3.577236629221827968e+01
3.576257364079735623e+01
3.574497033364067988e+01
3.571854496710528792e+01
3.568214661295554890e+01
3.563448986925412498e+01
3.557417131870435156e+01
3.549969812292916060e+01
3.540923451438598590e+01
3.529580677004411626e+01
3.514021077187394582e+01
3.490954110741699168e+01
3.455658168204035974e+01
3.401756631475367243e+01
3.321405327910539285e+01
3.206582558858993792e+01
3.051505208013116999e+01
2.855252472095449434e+01
2.623176673806554859e+01
2.366158801392151645e+01
2.098002601229195818e+01
1.832276771571641305e+01
1.580013564658564107e+01
1.348950020453738041e+01
1.143899851033333626e+01
9.674558900450358934e+00
8.205933539816179234e+00
7.031275300644479920e+00
6.140914693427553139e+00
5.520627500683620958e+00
5.154268030081038177e+00
5.025584872433035422e+00
5.119175985254245553e+00
5.420681717458254667e+00
5.916387674907883643e+00
6.592428315948386519e+00
7.433781006440919548e+00
8.423240940147955769e+00
9.540573011362297962e+00
1.076203561666808639e+01
1.206044430296135417e+01
1.340587377866890151e+01
1.476698277647520818e+01
1.611280740203189765e+01
1.741474496234706848e+01
1.864838727651612871e+01
1.979488862344383904e+01
2.084166357943250247e+01
2.178236577976541710e+01
2.261624727463795637e+01
2.334709679901139623e+01
2.398198692853950575e+01
2.453003391654875998e+01
2.500131417291837366e+01
2.540601347145413413e+01
2.575382718726243070e+01
2.605359035301065163e+01
2.631309536442305941e+01
2.653904873888067684e+01
2.673712120889575772e+01
2.691205302364008745e+01
2.706778538359816721e+01
2.720759752208946125e+01
2.733423616433100989e+01
2.745002968259398912e+01
2.755698332199439093e+01
2.765685464631814128e+01
2.775121013393964375e+01
2.784146490458631362e+01
2.792890809689162523e+01
2.801471661310214500e+01
2.809995992480827809e+01
2.818559847901735083e+01
2.827247801531216709e+01
2.836132183875530188e+01
2.845272281072774234e+01
2.854713653174111343e+01
2.864487690071304016e+01
2.874611494523110267e+01
2.885088152706703468e+01
2.895907423767999234e+01
2.907046851285703326e+01
2.918473271998472640e+01
2.930144671463829553e+01
2.942012313655963140e+01
2.954023053142289612e+01
2.966121725673549392e+01
2.978253506860867006e+01
2.990366129808233708e+01
3.002411861303613705e+01
3.014349151995895326e+01
3.026143897787499881e+01
3.037770275747592308e+01
3.049211146050697963e+01
3.060458039401195052e+01
3.071510774782473874e+01
3.082376773124822478e+01
3.093070147069212084e+01
3.103610654502141841e+01
3.114022603724531635e+01
3.124333791429479135e+01
3.134574542091804261e+01
3.144776900322885993e+01
3.154974007871209096e+01
3.165199675991161499e+01
3.175488143539381625e+01
3.185873992893918683e+01
3.196392180870070732e+01
3.207078131154145240e+01
3.217967828968475885e+01
3.229097857933324178e+01
3.240505323266376081e+01
3.252227614095597374e+01
3.264301970011621989e+01
3.276764832088229440e+01
3.289650975346944506e+01
3.302992436868728987e+01
3.316817270324805378e+01
3.331148172577639599e+01
3.346001040329423404e+01
3.361383523915391436e+01
3.377293650826038629e+01
3.393718593188278732e+01
3.410633651229075269e+01
3.428001518836357775e+01
3.445771887997761951e+01
3.463881436513855760e+01
3.482254228407381191e+01
3.500802539423412441e+01
3.519428101567156375e+01
3.538023741492263241e+01
3.556475368585314101e+01
3.574664250758607409e+01
3.592469500319718634e+01
3.609770679924630343e+01
3.626450430585418871e+01
3.642397020882323488e+01
3.657506719535837192e+01
3.671685902548030356e+01
3.684852820961311437e+01
3.696938975115320858e+01
3.707890064800069752e+01
3.717666510160556470e+01
3.726243563567255279e+01
3.733611055792253097e+01
3.739772838710589298e+01
3.744745999713484963e+01
3.748559928944425224e+01
3.751255318892107482e+01
3.752883167073346016e+01
3.753503837507755492e+01
3.753186217037514893e+01
3.752006980346398990e+01
3.750049955089109943e+01
3.747405558160278360e+01
3.744170257877848940e+01
3.740446006340044249e+01
3.736339582434338524e+01
3.731961789217145764e+01
3.727426459207617171e+01
3.722849236459331479e+01
3.718346123491507171e+01
3.714031802366701385e+01
3.710017760396789299e+01
3.706410270275861762e+01
3.703308290326453545e+01
3.700801361896240849e+01
3.698967587151032177e+01
3.697871771464591006e+01
3.697563810619332969e+01
3.698077394736778700e+01
3.699429089081676381e+01
3.701617837538365308e+01
3.704624918536532618e+01
3.708414366322885769e+01
3.712933853444080512e+01
3.718116013725423841e+01
3.723880169410622187e+01
3.730134411920523974e+01
3.736777973307606970e+01
3.743703815321961059e+01
3.750801355435982032e+01
3.757959244533410725e+01
3.765068109519504702e+01
3.772023176013812673e+01
3.778726691564233420e+01
3.785090078320839524e+01
3.791035755499270721e+01
3.796498585740420850e+01
3.801426914980582694e+01
3.805783191921816666e+01
3.809544169818948944e+01
3.812700709261239496e+01
3.815257215162046123e+01
3.817230753616267691e+01
3.818649904111579474e+01
3.819553409404996103e+01
3.819988688979034919e+01
3.820010282307183047e+01
3.819678285273310081e+01
3.819056837233169688e+01
3.818212707739831302e+01
3.817214021363031407e+01
3.816129146908467362e+01
3.815025764374212258e+01
3.813970109923325680e+01
3.813026386796600065e+01
3.812256319222047551e+01
3.811718817724066355e+01
3.811469718405548690e+01
3.811561556206616785e+01
3.812043333048487170e+01
3.812960246104764650e+01
3.814353348887791384e+01
3.816259127815365559e+01
3.818708988630539380e+01
3.821728659521718185e+01
3.825337529990307672e+01
3.829547955410887994e+01
3.834364565901974942e+01
3.839783623841304916e+01
3.845792476639573465e+01
3.852369150049950264e+01
3.859482122468408960e+01
3.867090312804277374e+01
3.875143304266592992e+01
3.883581814716843184e+01
3.892338412100976797e+01
3.901338461937262281e+01
3.910501283868876499e+01
3.919741486677641262e+01
3.928970446412466799e+01
3.938097890585827088e+01
3.947033552530455580e+01
3.955688863416996526e+01
3.963978654236117904e+01
3.971822845172068384e+01
3.979148104115933648e+01
3.985889458580964373e+01
3.991991845270300132e+01
3.997411578713207803e+01
4.002117714939721083e+01
4.006093278834610061e+01
4.009336315775181703e+01
4.011860720890803123e+01
4.013696794355664821e+01
4.014891469969319360e+01
4.015508167949520413e+01
4.015626231860884587e+01
4.015339923769213470e+01
4.014756970209361242e+01
4.013996672966088397e+01
4.013187621168821551e+01
4.012465062801096138e+01
4.011968012517633042e+01
4.011836187058403880e+01
4.012206868453464637e+01
4.013211798112431694e+01
4.014974201865953773e+01
4.017606037667555086e+01
4.021205544953981814e+01
4.025855158810379919e+01
4.031619834373508837e+01
4.038545808547914362e+01
4.046659808163659022e+01
4.055968697016661650e+01
4.066459539432596415e+01
4.078100045514761973e+01
4.090839353353457852e+01
4.104609096357178544e+01
4.119324699609728668e+01
4.134886847802498266e+01
4.151183068819899091e+01
4.168089381365880541e+01
4.185471961882014824e+01
4.203188795020219715e+01
4.221091282477025430e+01
4.239025796218110997e+01
4.256835172949335799e+01
4.274360155894854074e+01
4.291440796252565093e+01
4.307917828959429585e+01
4.323634034775683688e+01
4.338435592871389446e+01
4.352173415460368489e+01
4.364704439795423951e+01
4.375892835086733612e+01
4.385611065446965284e+01
4.393740738097213239e+01
4.400171417100994375e+01
4.404734304927052335e+01
4.406858524696535540e+01
4.404936483472830133e+01
4.395750588724787633e+01
4.374326647620194564e+01
4.334414780916701915e+01
4.269596890488937646e+01
4.174750087619332817e+01
4.047370353212463812e+01
3.888283136260345429e+01
3.701559237510858935e+01
3.493794897688005108e+01
3.273083315892414902e+01
3.047972537112956459e+01
2.826587110040974693e+01
2.615992028101194222e+01
2.421820277268546917e+01
2.248148387296846096e+01
2.097573234155192168e+01
1.971421972120950628e+01
1.870022856423607749e+01
1.792977116471077181e+01
1.739393033076711603e+01
1.708064325586513021e+01
1.697590781864156639e+01
1.706448619226314989e+01
1.733022527752977737e+01
1.775612545496721495e+01
1.832428349148725033e+01
1.901582086516961922e+01
1.981088856018162048e+01
2.068881371294036597e+01
2.162842203703934985e+01
2.260853398568781358e+01
2.360859605253284954e+01
2.460937770829458771e+01
2.559364603694628926e+01
2.654672902556643166e+01
2.745689538039333755e+01
2.831550952228295159e+01
2.911695723987534024e+01
2.985837151335069350e+01
3.053921224571747928e+01
3.116076466739088602e+01
3.172561951151845250e+01
3.223718699828619805e+01
3.269928067799779825e+01
3.311579040458322964e+01
3.349044908618552085e+01
3.382668690942633560e+01
3.412755978829149939e+01
3.439573540508604310e+01
3.463351958703987776e+01
3.484290703440784398e+01
3.502564282754935476e+01
3.518328410404939888e+01
3.531725439248462095e+01
3.542888603391682523e+01
3.551944873378679546e+01
3.559016445556719077e+01
3.564221053505745118e+01
3.567671404177345096e+01
3.569474105450203183e+01
3.569728469073503163e+01
3.568525549381499928e+01
3.565947721146754645e+01
3.562069017862141607e+01
3.556956353440856589e+01
3.550671644746571332e+01
3.543274748284517273e+01
3.534827030130516334e+01
3.525395311317303282e+01
3.515055877804881135e+01
3.503898219456109331e+01
3.492028168407632194e+01
3.479570143331071819e+01
3.466668268723004331e+01
3.453486221055953820e+01
3.440205747618454524e+01
3.427023899211982894e+01
3.414149104700099713e+01
3.401796285299175793e+01
3.390181253578636245e+01
3.379514663728503621e+01
3.369995776422484823e+01
3.361806277188703262e+01
3.355104347425502453e+01
3.350019139119665823e+01
3.346645755237611297e+01
3.345040794370625292e+01
3.345218486014599080e+01
3.347147425746457117e+01
3.350747919619070103e+01
3.355889964545119852e+01
3.362391924559636891e+01
3.370020007946133234e+01
3.378488701566435282e+01
3.387462368626308518e+01
3.396558254990096515e+01
3.405351166152817655e+01
3.413380060847045883e+01
3.420156747929251395e+01
3.425176763835607829e+01
3.427932347405163682e+01
3.427927224204842815e+01
3.424692680335439121e+01
3.417804172537743312e+01
3.406897521400728834e+01
3.391683604723189660e+01
3.371960441874152536e+01
3.347621659049907095e+01
3.318660553097778632e+01
3.285169309722983400e+01
3.247333341402661233e+01
3.205421137685989663e+01
3.159770407716904117e+01
3.110771590493459726e+01
3.058849977685526156e+01
3.004447723806196890e+01
2.948006918450378322e+01
2.889954692282521975e+01
2.830691060000227921e+01
2.770579909430849597e+01
2.709943261475864063e+01
2.649058677132461526e+01
2.588159491161628267e+01
2.527437413310743963e+01
2.467046956012877601e+01
2.407111116045549082e+01
2.347727748253653601e+01
2.288976113074087593e+01
2.230923147649333416e+01
2.173629095018493729e+01
2.117152220253301209e+01
2.061552440095970340e+01
2.006893787766923865e+01
1.953245721777421906e+01
1.900683362185988301e+01
1.849286796240675557e+01
1.799139635624334943e+01
1.750327029059129913e+01
1.702933337949686177e+01
1.657039671587566687e+01
1.612721455755437105e+01
1.570046178417188010e+01
1.529071422603611552e+01
1.489843263175934851e+01
1.452395073655026003e+01
1.416746763571244294e+01
1.382904446679810917e+01
1.350860525900545284e+01
1.320594171308944453e+01
1.292072161813660536e+01
1.265250057975710440e+01
1.240073671425850144e+01
1.216480794356927042e+01
1.194403149747139814e+01
1.173768518833440133e+01
1.154502996852531282e+01
1.136533321568839838e+01
1.119789212347772001e+01
1.104205651508873487e+01
1.089725035538316789e+01
1.076299122552332221e+01
1.063890705077451848e+01
1.052474944283067337e+01
1.042040313322075917e+01
1.032589112930413044e+01
1.024137540923720024e+01
1.016715317324684698e+01
1.010364886940923057e+01
1.005140239650155998e+01
1.001105403985368980e+01
9.983326807648069234e+00
9.969006898846908271e+00
9.968923049195845820e+00
9.983925472806694401e+00
1.001486505179413555e+01
1.006257333592421332e+01
1.012784380969914544e+01
1.021141477663898556e+01
1.031395410886027797e+01
1.043604602102165479e+01
1.057817995509828002e+01
1.074074160728574512e+01
1.092400608924618588e+01
1.112813318970568766e+01
1.135316468477653373e+01
1.159902363158907512e+01
1.186551556542983654e+01
1.215233150201837908e+01
1.245905262157142346e+01
1.278515647928550081e+01
1.313002454894774296e+01
1.349295086532559296e+01
1.387315149088729349e+01
1.426977449819049859e+01
1.468191013605190065e+01
1.510860083994909608e+01
1.554885075835429475e+01
1.600163449841685548e+01
1.646590484602264226e+01
1.694059928399319048e+01
1.742464521332639649e+01
1.791696386977567101e+01
1.841647301486188226e+01
1.892208855986688221e+01
1.943272534760428272e+01
1.994729736544175935e+01
2.046471769167340682e+01
2.098389848538390368e+01
2.150375131863379607e+01
2.202318812166684481e+01
2.254112297016952482e+01
2.305647489179441578e+01
2.356817181019033924e+01
2.407515568092381741e+01
2.457638880637217937e+01
2.507086124673074323e+01
2.555759917230651723e+01
2.603567392922528256e+01
2.650421151845903722e+01
2.696240211998686931e+01
2.740950923483535817e+01
2.784487797403156151e+01
2.826794200232779630e+01
2.867822865303820024e+01
2.907536177434893787e+01
2.945906195047818699e+01
2.982914386306444854e+01
3.018551071504324312e+01
3.052814582271508215e+01
3.085710167965768846e+01
3.117248699382296806e+01
3.147445238049147775e+01
3.176317554290331913e+01
3.203884687528108088e+01
3.230165646857823702e+01
3.255178348050404225e+01
3.278938874543910487e+01
3.301461134846294243e+01
3.322756967683889684e+01
3.342836720184333643e+01
3.361710294721711278e+01
3.379388628425873264e+01
3.395885537670981336e+01
3.411219830195841496e+01
3.425417562035017482e+01
3.438514297259047225e+01
3.450557217500136886e+01
3.461606926801226791e+01
3.471738806253404164e+01
3.481043792151660909e+01
3.489628480070842187e+01
3.497614493519473911e+01
3.505137097084654840e+01
3.512343077136922886e+01
3.519387954933817753e+01
3.526432634236316943e+01
3.533639615742238504e+01
3.541168931932465824e+01
3.549173967427567078e+01
3.557797331699818244e+01
3.567166943825544934e+01
3.577392474341104389e+01
3.588562268971959668e+01
3.600740854911909850e+01
3.613967104184298762e+01
3.628253101890150134e+01
3.643583740971766360e+01
3.659917040294635626e+01
3.677185159906705536e+01
3.695296066624656106e+01
3.714135784889206349e+01
3.733571152379447966e+01
3.753452987456154943e+01
3.773619566409275450e+01
3.793900302985036888e+01
3.814119520944868214e+01
3.834100212488691994e+01
3.853667681080167284e+01
3.872652976138881797e+01
3.890896038610699748e+01
3.908248489851012408e+01
